1 1 0.161461
1 2 -0.0863159
1 3 -0.034973
1 7 0.0773547
1 6705 -0.04074
1 6706 -0.0767866
2 1 -0.0863159
2 2 0.619868
2 3 -0.0147802
2 7 -0.271688
2 10 -0.101994
2 22 -0.0552247
2 6706 0.0190429
2 6707 -0.0486717
2 6708 -0.0460415
2 6711 0.018187
2 6718 -0.032382
3 1 -0.034973
3 2 -0.0147802
3 3 0.617876
3 4 -0.0226173
3 7 -0.140909
3 10 -0.154449
3 11 -0.0482197
3 23 0.0123697
3 6705 -0.0130349
3 6708 -0.0682858
3 6715 -0.0473889
3 6717 -0.0855873
4 3 -0.0226173
4 4 0.451235
4 10 -0.112805
4 11 -0.156111
4 12 -0.0665286
4 13 -0.061299
4 26 0.0378907
4 6708 -0.0744082
4 6711 0.00464326
5 5 0.641484
5 6 -0.0119545
5 8 0.00595346
5 16 -0.090751
5 19 -0.122028
5 20 -0.334697
5 31 0.00952819
5 6709 -0.0250917
5 6710 -0.0724434
6 5 -0.0119545
6 6 0.687414
6 9 0.0540557
6 16 -0.0503761
6 20 -0.393769
6 21 -0.15993
6 32 -0.00106998
6 6710 -0.0828235
6 6714 -0.0415463
7 1 0.0773547
7 2 -0.271688
7 3 -0.140909
7 7 1.86856
7 10 0.0215708
7 17 -0.107689
7 18 -0.132728
7 22 -0.105214
7 23 -0.188002
7 35 -0.00829788
7 6705 -0.274019
7 6706 -0.274355
7 6707 -0.145038
7 6713 -0.16098
7 6717 -0.158564
8 5 0.00595346
8 8 0.383756
8 9 -0.0388273
8 19 -0.0827519
8 20 -0.145291
8 24 0.0124153
8 38 -0.0748428
8 6710 -0.0604117
9 6 0.0540557
9 8 -0.0388273
9 9 0.543221
9 20 -0.218199
9 21 -0.053417
9 24 -0.192668
9 39 0.0349218
9 6710 -0.0506081
9 6719 -0.0784793
10 2 -0.101994
10 3 -0.154449
10 4 -0.112805
10 7 0.0215708
10 10 1.94181
10 11 -0.0444377
10 12 0.042856
10 22 -0.158
10 23 -0.272931
10 25 -0.169946
10 26 -0.240312
10 42 -0.0034976
10 6708 -0.195863
10 6711 -0.31618
10 6718 -0.235816
11 3 -0.0482197
11 4 -0.156111
11 10 -0.0444377
11 11 0.871674
11 13 0.0309373
11 23 -0.172516
11 26 -0.363262
11 43 -0.0391558
11 6715 0.0266585
11 6716 -0.02589
11 6720 -0.0796777
12 4 -0.0665286
12 10 0.042856
12 12 0.821252
12 13 -0.00384294
12 14 -0.00422766
12 25 -0.200113
12 26 -0.219316
12 27 -0.0868035
12 44 0.0128428
12 6711 -0.0863807
12 6712 -0.0572967
12 6721 -0.102039
12 6722 -0.0504028
13 4 -0.061299
13 11 0.0309373
13 12 -0.00384294
13 13 0.84574
13 15 -0.0559937
13 26 -0.2273
13 27 -0.278737
13 28 -0.0990179
13 45 0.00419668
13 6712 -0.0750224
13 6720 -0.0772967
13 6723 -0.0023646
14 12 -0.00422766
14 14 0.564546
14 15 0.0191545
14 27 -0.286622
14 29 -0.0977443
14 46 -0.0038306
14 6712 -0.10857
14 6721 -0.0827058
15 13 -0.0559937
15 14 0.0191545
15 15 0.344609
15 27 -0.0858629
15 28 -0.0791418
15 29 -0.0480907
15 47 0.0922046
15 6712 -0.081905
15 6726 -0.104974
16 5 -0.090751
16 6 -0.0503761
16 16 0.642013
16 20 -0.000714277
16 31 -0.236938
16 32 -0.156218
16 49 -0.0436849
16 6709 -0.0125758
16 6714 0.0244089
16 6725 -0.0484333
16 6727 -0.0267301
17 7 -0.107689
17 17 0.57905
17 18 -0.0132246
17 22 -5.77523e-006
17 34 -0.0315389
17 35 -0.207491
17 51 -0.00456304
17 6706 -1.29412e-006
17 6707 -0.0891238
17 6713 -0.0560485
17 6730 -0.0693643
18 7 -0.132728
18 17 -0.0132246
18 18 0.667192
18 23 -0.0058012
18 35 -0.203353
18 36 -0.0770851
18 52 0.00936853
18 6705 -2.9698e-006
18 6713 -0.0602367
18 6715 -0.0301697
18 6717 -0.0923932
18 6730 -0.0615665
19 5 -0.122028
19 8 -0.0827519
19 19 0.640101
19 20 0.0284904
19 30 -0.0855123
19 31 -0.168166
19 37 -0.0556735
19 38 -0.188601
19 53 0.0671007
19 6709 -0.03296
20 5 -0.334697
20 6 -0.393769
20 8 -0.145291
20 9 -0.218199
20 16 -0.000714277
20 19 0.0284904
20 20 2.00819
20 21 0.0648243
20 24 -0.0434124
20 31 -0.234417
20 32 -0.224992
20 38 -0.16215
20 39 -0.25151
20 54 -0.0279162
20 6710 -0.064442
21 6 -0.15993
21 9 -0.053417
21 20 0.0648243
21 21 0.610747
21 32 -0.127832
21 33 -0.133663
21 39 -0.0930518
21 40 -0.09272
21 55 0.0680729
21 6714 -0.0614582
21 6719 -0.0215722
22 2 -0.0552247
22 7 -0.105214
22 10 -0.158
22 17 -5.77523e-006
22 22 1.05184
22 23 0.0595067
22 25 -0.0789014
22 34 -0.10962
22 35 -0.0939214
22 41 -0.174672
22 42 -0.162159
22 56 0.0944733
22 6707 -0.0986256
22 6718 -0.16947
23 3 0.0123697
23 7 -0.188002
23 10 -0.272931
23 11 -0.172516
23 18 -0.0058012
23 22 0.0595067
23 23 2.21065
23 26 0.0232552
23 35 -0.25898
23 36 -0.129985
23 42 -0.299633
23 43 -0.0901343
23 57 -0.0190277
23 6715 -0.460644
23 6716 -0.385765
23 6717 -0.0223582
24 8 0.0124153
24 9 -0.192668
24 20 -0.0434124
24 24 0.836069
24 38 -0.178552
24 39 -0.393206
24 60 5.72023e-005
24 6719 0.0126923
24 6732 -0.0533957
25 10 -0.169946
25 12 -0.200113
25 22 -0.0789014
25 25 0.883222
25 26 0.00292782
25 41 0.0133392
25 42 -0.183958
25 44 -0.0998106
25 62 -0.033469
25 6711 -0.0181982
25 6718 -0.0681173
25 6722 0.0029558
25 6735 -0.0499313
26 4 0.0378907
26 10 -0.240312
26 11 -0.363262
26 12 -0.219316
26 13 -0.2273
26 23 0.0232552
26 25 0.00292782
26 26 2.00695
26 27 0.010511
26 42 -0.283464
26 43 -0.186535
26 44 -0.249939
26 45 -0.158535
26 63 4.64906e-016
26 6720 -0.152868
27 12 -0.0868035
27 13 -0.278737
27 14 -0.286622
27 15 -0.0858629
27 26 0.010511
27 27 1.85697
27 28 -0.0337452
27 29 -0.0520606
27 44 -0.181257
27 45 -0.209918
27 46 -0.127139
27 47 -0.228272
27 66 -0.00453766
27 6712 -0.109556
27 6721 -0.182968
28 13 -0.0990179
28 15 -0.0791418
28 27 -0.0337452
28 28 0.769886
28 45 -0.276536
28 47 -0.230374
28 67 -0.0281947
28 6723 -0.0078458
28 6726 0.0663915
28 6736 -0.0563028
28 6737 -0.0251191
29 14 -0.0977443
29 15 -0.0480907
29 27 -0.0520606
29 29 0.578857
29 46 -0.115404
29 47 -0.223525
29 68 -0.00955646
29 6726 0.00127446
29 6738 -0.0337504
30 19 -0.0855123
30 30 0.613192
30 31 0.00589498
30 37 -2.64026e-006
30 48 -0.098325
30 53 -0.330686
30 72 -0.010276
30 6709 -0.0270966
30 6728 -0.0671883
31 5 0.00952819
31 16 -0.236938
31 19 -0.168166
31 20 -0.234417
31 30 0.00589498
31 31 2.0866
31 32 0.0239112
31 38 0.0483546
31 48 -0.223227
31 49 -0.0928943
31 53 -0.252655
31 54 -0.299069
31 73 0.00324832
31 6709 -0.461928
31 6725 -0.208244
32 6 -0.00106998
32 16 -0.156218
32 20 -0.224992
32 21 -0.127832
32 31 0.0239112
32 32 2.03493
32 33 0.0194994
32 39 -0.0218644
32 49 -0.149026
32 50 -0.1629
32 54 -0.283971
32 55 -0.246956
32 74 0.0113142
32 6714 -0.50736
32 6727 -0.207469
33 21 -0.133663
33 32 0.0194994
33 33 0.612902
33 40 0.0109337
33 50 -0.100477
33 55 -0.285014
33 75 -0.0174351
33 6714 -0.0396304
33 6729 -0.067116
34 17 -0.0315389
34 22 -0.10962
34 34 0.660183
34 35 -0.079063
34 41 0.0148799
34 51 -0.109746
34 56 -0.287567
34 76 -0.0038761
34 6731 -0.0536518
35 7 -0.00829788
35 17 -0.207491
35 18 -0.203353
35 22 -0.0939214
35 23 -0.25898
35 34 -0.079063
35 35 1.93902
35 36 -0.0102989
35 42 -0.0297533
35 51 -0.215212
35 52 -0.172496
35 56 -0.238753
35 57 -0.25272
35 77 -0.000469819
35 6730 -0.168214
36 18 -0.0770851
36 23 -0.129985
36 35 -0.0102989
36 36 0.790624
36 43 -0.0049944
36 52 -0.136735
36 57 -0.249868
36 58 -0.0532455
36 78 -0.0477115
36 6715 -0.00566188
36 6716 -0.0750391
37 19 -0.0556735
37 30 -2.64026e-006
37 37 0.572582
37 38 -0.0736586
37 53 -0.347684
37 59 -0.00820251
37 79 -0.0177252
37 6728 -0.0696358
38 8 -0.0748428
38 19 -0.188601
38 20 -0.16215
38 24 -0.178552
38 31 0.0483546
38 37 -0.0736586
38 38 1.05513
38 39 0.0861596
38 53 -0.15021
38 54 -0.129917
38 59 -0.162194
38 60 -0.155689
38 80 0.0861733
39 9 0.0349218
39 20 -0.25151
39 21 -0.0930518
39 24 -0.393206
39 32 -0.0218644
39 38 0.0861596
39 39 2.32927
39 40 -0.000981819
39 54 -0.286347
39 55 -0.223607
39 60 -0.12611
39 61 -0.158098
39 81 0.0166067
39 6719 -0.628401
39 6732 -0.283778
40 21 -0.09272
40 33 0.0109337
40 39 -0.000981819
40 40 0.586813
40 55 -0.301993
40 61 -0.0521939
40 82 -0.0089435
40 6719 -0.0653852
40 6729 -0.0755296
41 22 -0.174672
41 25 0.0133392
41 34 0.0148799
41 41 0.84447
41 42 -0.0725583
41 56 -0.424119
41 62 -0.159093
41 83 0.012572
41 6731 -0.0548183
42 10 -0.0034976
42 22 -0.162159
42 23 -0.299633
42 25 -0.183958
42 26 -0.283464
42 35 -0.0297533
42 41 -0.0725583
42 42 2.06431
42 43 0.0435
42 44 -0.0166788
42 56 -0.27575
42 57 -0.26988
42 62 -0.19032
42 63 -0.295017
42 84 -0.0251367
43 11 -0.0391558
43 23 -0.0901343
43 26 -0.186535
43 36 -0.0049944
43 42 0.0435
43 43 1.17939
43 45 -0.00465066
43 57 -0.146099
43 58 -0.0658754
43 63 -0.20031
43 64 -0.211886
43 85 0.0468159
43 6716 -0.105317
43 6720 -0.144242
43 6723 -0.0705087
44 12 0.0128428
44 25 -0.0998106
44 26 -0.249939
44 27 -0.181257
44 42 -0.0166788
44 44 2.03589
44 45 3.3334e-006
44 46 0.0234214
44 62 -0.184027
44 63 -0.288542
44 65 -0.198399
44 66 -0.236708
44 87 0.0127279
44 6721 -0.0425149
44 6722 -0.360059
44 6735 -0.22695
45 13 0.00419668
45 26 -0.158535
45 27 -0.209918
45 28 -0.276536
45 43 -0.00465066
45 44 3.3334e-006
45 45 2.00328
45 47 0.0284142
45 63 -0.233197
45 64 -0.13576
45 66 -0.264272
45 67 -0.143451
45 88 0.00441786
45 6720 0.00491775
45 6723 -0.388111
45 6736 -0.230799
46 14 -0.0038306
46 27 -0.127139
46 29 -0.115404
46 44 0.0234214
46 46 0.863056
46 47 0.0315403
46 65 -0.120145
46 66 -0.240543
46 68 -0.153195
46 90 -0.0209783
46 6721 -0.0995669
46 6722 -0.0372154
47 15 0.0922046
47 27 -0.228272
47 28 -0.230374
47 29 -0.223525
47 45 0.0284142
47 46 0.0315403
47 47 2.22579
47 66 -0.286899
47 67 -0.10362
47 68 -0.159929
47 69 -0.1032
47 91 -0.0303233
47 6726 -0.537766
47 6737 -0.350003
47 6738 -0.124036
48 30 -0.098325
48 31 -0.223227
48 48 0.818908
48 49 -0.0173379
48 53 -0.00438739
48 70 -0.0282603
48 72 -0.0744114
48 73 -0.298786
48 96 0.0167685
48 6709 -0.0130803
48 6725 -0.0778621
49 16 -0.0436849
49 31 -0.0928943
49 32 -0.149026
49 48 -0.0173379
49 49 1.02005
49 50 -0.0644721
49 54 0.0460472
49 70 -0.115195
49 71 -0.157207
49 73 -0.107162
49 74 -0.177173
49 97 0.0706769
49 6725 -0.0777805
49 6727 -0.134841
50 32 -0.1629
50 33 -0.100477
50 49 -0.0644721
50 50 0.776351
50 55 -0.00485828
50 71 -0.0243161
50 74 -0.261586
50 75 -0.083351
50 98 -0.0165708
50 6714 -0.00718031
50 6727 -0.0506398
51 17 -0.00456304
51 34 -0.109746
51 35 -0.215212
51 51 0.714179
51 52 0.000642057
51 56 0.0332104
51 76 -0.0876174
51 77 -0.169619
51 99 -0.0025264
51 6730 -0.0909792
51 6743 -0.0677685
52 18 0.00936853
52 35 -0.172496
52 36 -0.136735
52 51 0.000642057
52 52 0.895738
52 57 0.0197428
52 77 -0.190537
52 78 -0.20746
52 100 0.0510043
52 6730 -0.0945501
52 6741 -0.013385
52 6742 -0.0631386
52 6743 -0.0981931
53 19 0.0671007
53 30 -0.330686
53 31 -0.252655
53 37 -0.347684
53 38 -0.15021
53 48 -0.00438739
53 53 1.96442
53 54 -0.0279183
53 59 -0.0383976
53 72 -0.184394
53 73 -0.22164
53 79 -0.120855
53 80 -0.252633
53 103 0.00221054
53 6728 -0.102267
54 20 -0.0279162
54 31 -0.299069
54 32 -0.283971
54 38 -0.129917
54 39 -0.286347
54 49 0.0460472
54 53 -0.0279183
54 54 2.10349
54 55 -1.33334e-006
54 60 -0.00731636
54 73 -0.271153
54 74 -0.271153
54 80 -0.286346
54 81 -0.25843
54 104 6.00001e-007
55 21 0.0680729
55 32 -0.246956
55 33 -0.285014
55 39 -0.223607
55 40 -0.301993
55 50 -0.00485828
55 54 -1.33334e-006
55 55 1.93741
55 61 -0.0267684
55 74 -0.253678
55 75 -0.187949
55 81 -0.21729
55 82 -0.160888
55 105 0.00367032
55 6729 -0.10015
56 22 0.0944733
56 34 -0.287567
56 35 -0.238753
56 41 -0.424119
56 42 -0.27575
56 51 0.0332104
56 56 2.24788
56 57 -5.96145e-016
56 62 0.0889007
56 76 -0.319373
56 77 -0.210925
56 83 -0.372055
56 84 -0.234223
56 107 0.0654585
56 6731 -0.167159
57 23 -0.0190277
57 35 -0.25272
57 36 -0.249868
57 42 -0.26988
57 43 -0.146099
57 52 0.0197428
57 56 -5.96145e-016
57 57 2.02412
57 58 -0.105882
57 63 -0.02175
57 77 -0.288387
57 78 -0.154167
57 84 -0.24813
57 85 -0.256771
57 108 -0.0311867
58 36 -0.0532455
58 43 -0.0658754
58 57 -0.105882
58 58 1.08085
58 64 0.0702007
58 78 -0.435656
58 85 -0.409319
58 109 -0.0505203
58 6733 -0.0305537
59 37 -0.00820251
59 38 -0.162194
59 53 -0.0383976
59 59 0.895964
59 60 -0.00205982
59 79 -0.105567
59 80 -0.505123
59 110 2.10755e-006
59 6745 -0.0744217
60 24 5.72023e-005
60 38 -0.155689
60 39 -0.12611
60 54 -0.00731636
60 59 -0.00205982
60 60 0.87446
60 61 -0.0191796
60 80 -0.165017
60 81 -0.14861
60 86 -0.0945868
60 111 0.0493626
60 6732 -0.0701611
60 6745 -0.101686
60 6746 -0.0334646
61 39 -0.158098
61 40 -0.0521939
61 55 -0.0267684
61 60 -0.0191796
61 61 0.86531
61 81 -0.433042
61 82 -0.117557
61 86 -0.0249425
61 112 -0.0183338
61 6719 0.0234104
61 6732 -0.0386047
62 25 -0.033469
62 41 -0.159093
62 42 -0.19032
62 44 -0.184027
62 56 0.0889007
62 62 1.0887
62 63 0.0502733
62 65 -0.0468734
62 83 -0.107953
62 84 -0.0982248
62 87 -0.108494
62 113 -0.0361618
62 6735 -0.165699
62 6751 -0.0975572
63 26 4.64906e-016
63 42 -0.295017
63 43 -0.20031
63 44 -0.288542
63 45 -0.233197
63 57 -0.02175
63 62 0.0502733
63 63 2.05361
63 64 -0.0100746
63 66 -6.6668e-006
63 84 -0.273267
63 85 -0.264651
63 87 -0.273263
63 88 -0.243807
63 114 2.83878e-016
64 43 -0.211886
64 45 -0.13576
64 58 0.0702007
64 63 -0.0100746
64 64 1.05347
64 67 -0.0447058
64 85 -0.265837
64 88 -0.246833
64 89 -0.029794
64 115 0.0197766
64 6723 0.0108754
64 6733 -0.111548
64 6736 -0.056294
64 6749 -0.0415894
65 44 -0.198399
65 46 -0.120145
65 62 -0.0468734
65 65 0.794631
65 66 -0.0305073
65 87 -0.200378
65 90 -0.140015
65 118 0.0401683
65 6722 0.00510429
65 6735 -0.0535564
65 6751 -0.0500282
66 27 -0.00453766
66 44 -0.236708
66 45 -0.264272
66 46 -0.240543
66 47 -0.286899
66 63 -6.6668e-006
66 65 -0.0305073
66 66 2.04702
66 67 0.0248291
66 68 0.0131425
66 87 -0.241753
66 88 -0.260547
66 90 -0.191843
66 91 -0.313312
66 119 -0.0140621
67 28 -0.0281947
67 45 -0.143451
67 47 -0.10362
67 64 -0.0447058
67 66 0.0248291
67 67 1.03226
67 69 0.0015576
67 88 -0.186251
67 89 -0.151319
67 91 -0.163236
67 92 -0.116789
67 120 0.066053
67 6736 -0.0901906
67 6737 -0.0969451
68 29 -0.00955646
68 46 -0.153195
68 47 -0.159929
68 66 0.0131425
68 68 0.822473
68 69 -0.00245579
68 90 -0.0971132
68 91 -0.192188
68 93 -0.0672993
68 123 -0.0513695
68 6738 -0.10251
69 47 -0.1032
69 67 0.0015576
69 68 -0.00245579
69 69 0.650874
69 91 -0.228172
69 92 -0.0697313
69 93 -0.0386815
69 124 -0.0346173
69 6726 -0.0096336
69 6737 -0.0812884
69 6738 -0.0846511
70 48 -0.0282603
70 49 -0.115195
70 70 0.84765
70 71 -0.000573551
70 73 -0.0684627
70 94 -0.0950424
70 96 -0.158971
70 97 -0.36746
70 128 0.0242079
70 6724 -0.0378926
71 49 -0.157207
71 50 -0.0243161
71 70 -0.000573551
71 71 0.811574
71 74 -0.0309283
71 94 -0.0164458
71 97 -0.382126
71 98 -0.136996
71 129 -0.0629807
72 30 -0.010276
72 48 -0.0744114
72 53 -0.184394
72 72 0.781674
72 73 -0.0130198
72 79 -0.00869426
72 96 -0.130358
72 102 -0.0755654
72 103 -0.228576
72 133 0.0132549
72 6728 -0.0696333
73 31 0.00324832
73 48 -0.298786
73 49 -0.107162
73 53 -0.22164
73 54 -0.271153
73 70 -0.0684627
73 72 -0.0130198
73 73 1.99119
73 74 -0.0230246
73 80 6.66668e-007
73 96 -0.238653
73 97 -0.252988
73 103 -0.246807
73 104 -0.24813
73 134 -0.00461027
74 32 0.0113142
74 49 -0.177173
74 50 -0.261586
74 54 -0.271153
74 55 -0.253678
74 71 -0.0309283
74 73 -0.0230246
74 74 2.01564
74 75 0.0257155
74 81 6.66668e-007
74 97 -0.268044
74 98 -0.231682
74 104 -0.24813
74 105 -0.275378
74 135 -0.0118966
75 33 -0.0174351
75 50 -0.083351
75 55 -0.187949
75 74 0.0257155
75 75 0.797072
75 82 -0.0210764
75 98 -0.110079
75 105 -0.204934
75 106 -0.0915828
75 136 -0.00158667
75 6729 -0.104793
76 34 -0.0038761
76 51 -0.0876174
76 56 -0.319373
76 76 0.653326
76 77 -0.0520387
76 83 0.0193298
76 99 -0.0179486
76 107 -0.136987
76 6731 -0.054815
77 35 -0.000469819
77 51 -0.169619
77 52 -0.190537
77 56 -0.210925
77 57 -0.288387
77 76 -0.0520387
77 77 2.00977
77 78 0.053305
77 84 -0.0131729
77 99 -0.344611
77 100 -0.215297
77 107 -0.141972
77 108 -0.310653
77 137 0.0127013
77 6743 -0.13809
78 36 -0.0477115
78 52 -0.20746
78 57 -0.154167
78 58 -0.435656
78 77 0.053305
78 78 1.32318
78 85 0.133631
78 100 -0.162054
78 101 -0.198835
78 108 -0.135012
78 109 -0.18657
78 138 0.062121
78 6742 -0.0447698
79 37 -0.0177252
79 53 -0.120855
79 59 -0.105567
79 72 -0.00869426
79 79 0.678167
79 80 0.0469911
79 102 -0.0779808
79 103 -0.180205
79 110 -0.0951369
79 140 -0.0449163
79 6728 -0.0740773
80 38 0.0861733
80 53 -0.252633
80 54 -0.286346
80 59 -0.505123
80 60 -0.165017
80 73 6.66668e-007
80 79 0.0469911
80 80 2.1336
80 81 -0.0103014
80 103 -0.250014
80 104 -0.24813
80 110 -0.19602
80 111 -0.176203
80 141 0.0062767
80 6745 -0.183255
81 39 0.0166067
81 54 -0.25843
81 55 -0.21729
81 60 -0.14861
81 61 -0.433042
81 74 6.66668e-007
81 80 -0.0103014
81 81 1.9909
81 82 0.00928716
81 86 -0.0453529
81 104 -0.24813
81 105 -0.241874
81 111 -0.227559
81 112 -0.184277
81 142 -0.00192348
82 40 -0.0089435
82 55 -0.160888
82 61 -0.117557
82 75 -0.0210764
82 81 0.00928716
82 82 0.799748
82 105 -0.232416
82 106 -0.0531755
82 112 -0.106527
82 143 -0.0478937
82 6729 -0.0605578
83 41 0.012572
83 56 -0.372055
83 62 -0.107953
83 76 0.0193298
83 83 0.80021
83 84 -0.107698
83 107 -0.156957
83 113 -0.0337975
83 6731 -0.0536517
84 42 -0.0251367
84 56 -0.234223
84 57 -0.24813
84 62 -0.0982248
84 63 -0.273267
84 77 -0.0131729
84 83 -0.107698
84 84 2.01791
84 85 -4.40983e-016
84 87 -0.0251367
84 107 -0.177557
84 108 -0.279467
84 113 -0.231342
84 114 -0.267883
84 144 -0.0366682
85 43 0.0468159
85 57 -0.256771
85 58 -0.409319
85 63 -0.264651
85 64 -0.265837
85 78 0.133631
85 84 -4.40983e-016
85 85 2.13696
85 88 1.75369e-006
85 108 -0.304676
85 109 -0.129637
85 114 -0.24813
85 115 -0.201518
85 145 -0.0253613
85 6733 -0.211508
86 60 -0.0945868
86 61 -0.0249425
86 81 -0.0453529
86 86 0.741383
86 111 -0.385613
86 112 -0.102235
86 149 -0.0423252
86 6734 -0.0514803
86 6746 0.00515247
87 44 0.0127279
87 62 -0.108494
87 63 -0.273263
87 65 -0.200378
87 66 -0.241753
87 84 -0.0251367
87 87 2.00411
87 88 3.3334e-006
87 90 0.0266825
87 113 -0.193974
87 114 -0.277315
87 118 -0.271461
87 119 -0.236803
87 150 0.0144194
87 6751 -0.229361
88 45 0.00441786
88 63 -0.243807
88 64 -0.246833
88 66 -0.260547
88 67 -0.186251
88 85 1.75369e-006
88 87 3.3334e-006
88 88 1.95451
88 89 -0.0650098
88 91 -0.0124186
88 114 -0.248127
88 115 -0.219539
88 119 -0.248133
88 120 -0.22827
88 151 3.3334e-006
89 64 -0.029794
89 67 -0.151319
89 88 -0.0650098
89 89 0.954361
89 92 0.0212746
89 115 -0.201743
89 120 -0.443941
89 152 -0.0245638
89 6749 0.045197
89 6750 -0.0254845
89 6752 -0.0789783
90 46 -0.0209783
90 65 -0.140015
90 66 -0.191843
90 68 -0.0971132
90 87 0.0266825
90 90 0.932039
90 91 0.0513181
90 118 -0.185517
90 119 -0.198465
90 123 -0.160201
90 156 -0.0159071
91 47 -0.0303233
91 66 -0.313312
91 67 -0.163236
91 68 -0.192188
91 69 -0.228172
91 88 -0.0124186
91 90 0.0513181
91 91 2.20178
91 92 -0.0860827
91 93 0.0356673
91 119 -0.354082
91 120 -0.292036
91 123 -0.342292
91 124 -0.28698
91 157 0.0123614
92 67 -0.116789
92 69 -0.0697313
92 89 0.0212746
92 91 -0.0860827
92 92 0.637657
92 120 -0.217305
92 124 -0.159877
92 158 0.0276051
92 6752 -0.0367519
93 68 -0.0672993
93 69 -0.0386815
93 91 0.0356673
93 93 0.425861
93 123 -0.203716
93 124 -0.151832
94 70 -0.0950424
94 71 -0.0164458
94 94 0.689963
94 97 -0.0135558
94 128 -0.329969
94 129 -0.167433
94 166 -0.0033869
94 6724 -0.00890867
94 6758 -0.0552214
95 95 0.619192
95 101 -0.0102021
95 126 -0.0545302
95 127 -0.0482476
95 131 -0.27952
95 132 -0.118094
95 168 -0.0323564
95 6740 -0.0137067
95 6744 -0.062535
96 48 0.0167685
96 70 -0.158971
96 72 -0.130358
96 73 -0.238653
96 96 1.08129
96 97 0.0270392
96 103 0.0109263
96 128 -0.117691
96 133 -0.1489
96 134 -0.220223
96 170 0.0297839
96 6724 -0.0158543
96 6754 -0.0487225
96 6759 -0.0864357
97 49 0.0706769
97 70 -0.36746
97 71 -0.382126
97 73 -0.252988
97 74 -0.268044
97 94 -0.0135558
97 96 0.0270392
97 97 2.12564
97 98 0.0388019
97 104 6.00001e-007
97 128 -0.244375
97 129 -0.164005
97 134 -0.252741
97 135 -0.288448
97 171 -0.028419
98 50 -0.0165708
98 71 -0.136996
98 74 -0.231682
98 75 -0.110079
98 97 0.0388019
98 98 0.994895
98 105 0.010463
98 129 -0.157826
98 135 -0.210624
98 136 -0.13744
98 172 -0.042943
99 51 -0.0025264
99 76 -0.0179486
99 77 -0.344611
99 99 0.83953
99 100 -0.0234437
99 107 -0.0445952
99 130 -0.0641909
99 137 -0.190482
99 173 0.0257428
99 6741 -0.00203392
99 6743 -0.126378
99 6761 -0.0490641
100 52 0.0510043
100 77 -0.215297
100 78 -0.162054
100 99 -0.0234437
100 100 2.11525
100 101 0.0220807
100 108 -0.0311867
100 130 -0.191479
100 131 -0.122105
100 137 -0.21404
100 138 -0.276336
100 174 0.0123367
100 6739 -0.162975
100 6741 -0.367922
100 6742 -0.466186
100 6743 0.028766
100 6744 0.00358655
101 78 -0.198835
101 95 -0.0102021
101 100 0.0220807
101 101 0.932589
101 109 -0.0282673
101 131 -0.118511
101 132 -0.105137
101 138 -0.237385
101 139 -0.146995
101 175 0.0396034
101 6742 -0.0426794
101 6744 -0.106261
102 72 -0.0755654
102 79 -0.0779808
102 102 0.454426
102 103 -0.0961845
102 133 -0.102512
102 140 -0.102184
103 53 0.00221054
103 72 -0.228576
103 73 -0.246807
103 79 -0.180205
103 80 -0.250014
103 96 0.0109263
103 102 -0.0961845
103 103 1.95219
103 104 -1.33334e-006
103 110 -0.0161482
103 133 -0.249831
103 134 -0.250841
103 140 -0.163458
103 141 -0.263555
103 178 -0.0197015
104 54 6.00001e-007
104 73 -0.24813
104 74 -0.24813
104 80 -0.24813
104 81 -0.24813
104 97 6.00001e-007
104 103 -1.33334e-006
104 104 1.98504
104 105 -1.33334e-006
104 111 6.00001e-007
104 134 -0.24813
104 135 -0.24813
104 141 -0.24813
104 142 -0.24813
104 179 6.00001e-007
105 55 0.00367032
105 74 -0.275378
105 75 -0.204934
105 81 -0.241874
105 82 -0.232416
105 98 0.010463
105 104 -1.33334e-006
105 105 2.01207
105 106 -0.0472197
105 112 0.00710546
105 135 -0.270311
105 136 -0.257393
105 142 -0.278374
105 143 -0.183283
105 180 -0.0421246
106 75 -0.0915828
106 82 -0.0531755
106 105 -0.0472197
106 106 0.446151
106 136 -0.129887
106 143 -0.124286
107 56 0.0654585
107 76 -0.136987
107 77 -0.141972
107 83 -0.156957
107 84 -0.177557
107 99 -0.0445952
107 107 1.01067
107 108 0.0526916
107 113 -0.0203123
107 137 -0.0892693
107 144 -0.114698
107 182 -0.0172676
107 6761 -0.104572
107 6763 -0.12463
108 57 -0.0311867
108 77 -0.310653
108 78 -0.135012
108 84 -0.279467
108 85 -0.304676
108 100 -0.0311867
108 107 0.0526916
108 108 2.15706
108 109 0.0195336
108 114 4.44743e-016
108 137 -0.279467
108 138 -0.304677
108 144 -0.279467
108 145 -0.27349
108 183 5.66994e-031
109 58 -0.0505203
109 78 -0.18657
109 85 -0.129637
109 101 -0.0282673
109 108 0.0195336
109 109 1.26273
109 115 0.0634317
109 138 -0.22949
109 139 -0.274638
109 145 -0.148448
109 146 -0.134205
109 184 0.0309574
109 6733 -0.13897
109 6749 -0.055909
110 59 2.10755e-006
110 79 -0.0951369
110 80 -0.19602
110 103 -0.0161482
110 110 1.11437
110 111 0.00366068
110 140 -0.180549
110 141 -0.337483
110 147 -0.0468334
110 148 -0.172859
110 187 0.0441026
110 6745 -0.0952954
110 6746 -0.02181
111 60 0.0493626
111 80 -0.176203
111 81 -0.227559
111 86 -0.385613
111 104 6.00001e-007
111 110 0.00366068
111 111 2.12647
111 112 0.0330131
111 141 -0.267865
111 142 -0.277488
111 148 -0.104406
111 149 -0.112955
111 188 -0.0626421
111 6734 -0.167279
111 6745 -0.0506811
111 6746 -0.379819
112 61 -0.0183338
112 81 -0.184277
112 82 -0.106527
112 86 -0.102235
112 105 0.00710546
112 111 0.0330131
112 112 1.10906
112 142 -0.326806
112 143 -0.203369
112 149 -0.188068
112 189 0.0391155
112 6762 -0.0586805
113 62 -0.0361618
113 83 -0.0337975
113 84 -0.231342
113 87 -0.193974
113 107 -0.0203123
113 113 0.991328
113 114 0.0395067
113 118 -0.0331075
113 144 -0.0822333
113 150 -0.0907102
113 191 -0.00146998
113 6751 -0.146117
113 6763 -0.0707883
113 6768 -0.090821
114 63 2.83878e-016
114 84 -0.267883
114 85 -0.24813
114 87 -0.277315
114 88 -0.248127
114 108 4.44743e-016
114 113 0.0395067
114 114 2.03398
114 115 4.44743e-016
114 119 -6.6668e-006
114 144 -0.267883
114 145 -0.24813
114 150 -0.26788
114 151 -0.248127
114 192 2.83878e-016
115 64 0.0197766
115 85 -0.201518
115 88 -0.219539
115 89 -0.201743
115 109 0.0634317
115 114 4.44743e-016
115 115 2.24295
115 120 0.0325308
115 145 -0.308813
115 146 -0.16972
115 151 -0.25559
115 152 -0.106882
115 193 -0.00746136
115 6733 -0.0266206
115 6749 -0.556878
115 6750 -0.303922
116 116 0.433527
116 117 -1.46459e-006
116 121 5.92155e-017
116 154 -0.223583
116 200 -0.0290595
116 6753 -0.0606283
116 6769 -0.0587
116 6772 -0.061555
117 116 -1.46459e-006
117 117 0.452282
117 122 -0.0252135
117 154 -0.219343
117 155 -0.0631879
117 201 -0.0312008
117 6753 -0.0575519
117 6769 -0.0557836
118 65 0.0401683
118 87 -0.271461
118 90 -0.185517
118 113 -0.0331075
118 118 0.802978
118 119 -0.0337651
118 150 -0.1531
118 156 -0.0700874
118 6751 -0.0786567
118 6766 0.0170432
118 6768 -0.0344942
119 66 -0.0140621
119 87 -0.236803
119 88 -0.248133
119 90 -0.198465
119 91 -0.354082
119 114 -6.6668e-006
119 118 -0.0337651
119 119 2.1606
119 120 -0.0317072
119 123 0.0226377
119 150 -0.255314
119 151 -0.313726
119 156 -0.381905
119 157 -0.147011
119 202 0.0317399
120 67 0.066053
120 88 -0.22827
120 89 -0.443941
120 91 -0.292036
120 92 -0.217305
120 115 0.0325308
120 119 -0.0317072
120 120 2.20786
120 124 0.0802661
120 151 -0.284247
120 152 -0.133204
120 157 -0.171504
120 158 -0.44972
120 203 0.0357613
120 6752 -0.17054
121 116 5.92155e-017
121 121 0.658292
121 122 0.0263077
121 154 -0.274508
121 159 -0.0433926
121 160 -0.125308
121 204 -0.0464771
121 6753 -0.0791055
121 6770 -0.010321
121 6772 -0.105487
122 117 -0.0252135
122 121 0.0263077
122 122 0.428063
122 154 -0.136189
122 155 -0.125231
122 160 -0.102634
122 205 0.0903606
122 6753 -0.0742503
122 6775 -0.0812145
123 68 -0.0513695
123 90 -0.160201
123 91 -0.342292
123 93 -0.203716
123 119 0.0226377
123 123 0.820132
123 124 0.083984
123 156 -0.0973522
123 157 -0.0718217
124 69 -0.0346173
124 91 -0.28698
124 92 -0.159877
124 93 -0.151832
124 120 0.0802661
124 123 0.083984
124 124 0.671357
124 157 -0.124175
124 158 -0.0781269
125 125 0.282283
125 159 -0.0823086
125 160 -0.115435
125 161 -0.085569
125 162 -0.0390653
125 207 0.0400948
126 95 -0.0545302
126 126 0.847938
126 127 0.0277967
126 131 -0.00261383
126 163 -0.05357
126 167 -0.360115
126 168 -0.328026
126 212 0.0059469
126 6740 -0.0428953
126 6757 -0.0399315
127 95 -0.0482476
127 126 0.0277967
127 127 0.594537
127 132 -0.0122197
127 163 -0.0617989
127 164 -0.0681922
127 168 -0.324612
127 169 -0.11793
127 213 0.0106671
128 70 0.0242079
128 94 -0.329969
128 96 -0.117691
128 97 -0.244375
128 128 1.9882
128 129 0.0810147
128 134 -0.00461027
128 165 -0.22092
128 166 -0.145639
128 170 -0.155631
128 171 -0.288489
128 215 0.0176839
128 6724 -0.321138
128 6758 -0.132415
128 6759 -0.150232
129 71 -0.0629807
129 94 -0.167433
129 97 -0.164005
129 98 -0.157826
129 128 0.0810147
129 129 0.948214
129 135 0.0449432
129 166 -0.152962
129 171 -0.174937
129 172 -0.215572
129 216 0.021544
130 99 -0.0641909
130 100 -0.191479
130 130 0.993968
130 131 -0.00207662
130 137 -0.00913
130 167 -0.157973
130 173 -0.140042
130 174 -0.303806
130 217 0.0596837
130 6739 -0.0931808
130 6740 -0.0253127
130 6741 -0.0108767
130 6760 -0.0555836
131 95 -0.27952
131 100 -0.122105
131 101 -0.118511
131 126 -0.00261383
131 130 -0.00207662
131 131 2.02315
131 132 0.0171812
131 138 -0.0103522
131 167 -0.123876
131 168 -0.215312
131 174 -0.26315
131 175 -0.271797
131 218 -0.0279033
131 6739 -0.000788687
131 6740 -0.41598
131 6744 -0.18634
132 95 -0.118094
132 101 -0.105137
132 127 -0.0122197
132 131 0.0171812
132 132 0.953709
132 139 -0.00611125
132 168 -0.183379
132 169 -0.133733
132 175 -0.273479
132 176 -0.153753
132 219 0.0150165
133 72 0.0132549
133 96 -0.1489
133 102 -0.102512
133 103 -0.249831
133 133 1.02608
133 134 -0.00830915
133 140 0.0157158
133 170 -0.141632
133 177 -0.0917462
133 178 -0.247738
133 221 -0.00923443
133 6754 0.00420587
133 6755 -0.0593485
134 73 -0.00461027
134 96 -0.220223
134 97 -0.252741
134 103 -0.250841
134 104 -0.24813
134 128 -0.00461027
134 133 -0.00830915
134 134 1.98308
134 135 -1.2e-006
134 141 6.66668e-007
134 170 -0.251022
134 171 -0.24813
134 178 -0.246331
134 179 -0.24813
134 222 6.66668e-007
135 74 -0.0118966
135 97 -0.288448
135 98 -0.210624
135 104 -0.24813
135 105 -0.270311
135 129 0.0449432
135 134 -1.2e-006
135 135 2.08877
135 136 0.00867058
135 142 6.66668e-007
135 171 -0.307697
135 172 -0.236437
135 179 -0.24813
135 180 -0.289561
135 223 -0.031146
136 75 -0.00158667
136 98 -0.13744
136 105 -0.257393
136 106 -0.129887
136 135 0.00867058
136 136 0.995441
136 143 0.0359808
136 172 -0.187274
136 180 -0.231227
136 181 -0.091839
136 224 -0.00344546
137 77 0.0127013
137 99 -0.190482
137 100 -0.21404
137 107 -0.0892693
137 108 -0.279467
137 130 -0.00913
137 137 1.99189
137 138 -2.98511e-016
137 144 -0.00385168
137 173 -0.251053
137 174 -0.22025
137 182 -0.197418
137 183 -0.240293
137 225 0.0219073
137 6761 -0.331244
138 78 0.062121
138 100 -0.276336
138 101 -0.237385
138 108 -0.304677
138 109 -0.22949
138 131 -0.0103522
138 137 -2.98511e-016
138 138 2.0724
138 139 -0.00879586
138 145 -0.0253608
138 174 -0.24813
138 175 -0.274688
138 183 -0.24813
138 184 -0.271176
138 226 -1.5604e-016
139 101 -0.146995
139 109 -0.274638
139 132 -0.00611125
139 138 -0.00879586
139 139 1.11835
139 146 0.0145912
139 175 -0.209137
139 176 -0.135479
139 184 -0.241142
139 185 -0.168837
139 227 0.0581901
140 79 -0.0449163
140 102 -0.102184
140 103 -0.163458
140 110 -0.180549
140 133 0.0157158
140 140 0.969767
140 141 0.043682
140 147 -0.0597292
140 177 -0.123105
140 178 -0.122956
140 186 -0.155265
140 187 -0.154951
140 230 0.0779475
141 80 0.0062767
141 103 -0.263555
141 104 -0.24813
141 110 -0.337483
141 111 -0.267865
141 134 6.66668e-007
141 140 0.043682
141 141 2.11632
141 142 -1.2e-006
141 148 0.0524512
141 178 -0.270109
141 179 -0.24813
141 187 -0.308893
141 188 -0.274569
141 231 6.66668e-007
142 81 -0.00192348
142 104 -0.24813
142 105 -0.278374
142 111 -0.277488
142 112 -0.326806
142 135 6.66668e-007
142 141 -1.2e-006
142 142 2.13101
142 143 0.0547171
142 149 0.0529429
142 179 -0.24813
142 180 -0.276451
142 188 -0.275563
142 189 -0.305807
142 232 6.66668e-007
143 82 -0.0478937
143 105 -0.183283
143 106 -0.124286
143 112 -0.203369
143 136 0.0359808
143 142 0.0547171
143 143 0.971693
143 180 -0.112206
143 181 -0.12108
143 189 -0.128727
143 190 -0.16458
143 233 0.0934185
143 6762 -0.0703854
144 84 -0.0366682
144 107 -0.114698
144 108 -0.279467
144 113 -0.0822333
144 114 -0.267883
144 137 -0.00385168
144 144 2.07569
144 145 -4.40983e-016
144 150 0.00978442
144 182 -0.176338
144 183 -0.240293
144 191 -0.366341
144 192 -0.224287
144 234 0.0238433
144 6763 -0.317256
145 85 -0.0253613
145 108 -0.27349
145 109 -0.148448
145 114 -0.24813
145 115 -0.308813
145 138 -0.0253608
145 144 -4.40983e-016
145 145 2.07285
145 146 0.0252001
145 151 -4.40983e-016
145 183 -0.24813
145 184 -0.302132
145 192 -0.24813
145 193 -0.27005
145 235 -3.05296e-016
146 109 -0.134205
146 115 -0.16972
146 139 0.0145912
146 145 0.0252001
146 146 1.15325
146 152 -0.0251712
146 184 -0.15515
146 185 -0.174347
146 193 -0.212492
146 194 -0.232551
146 236 0.0395244
146 6749 -0.0159614
146 6750 -0.112973
147 110 -0.0468334
147 140 -0.0597292
147 147 1.01618
147 148 -0.072152
147 153 0.0302173
147 186 -0.0541115
147 187 -0.536457
147 195 -0.0575496
147 196 -0.164167
147 239 -0.0321871
147 6764 -0.0232065
148 110 -0.172859
148 111 -0.104406
148 141 0.0524512
148 147 -0.072152
148 148 1.17004
148 149 0.0502874
148 187 -0.167959
148 188 -0.165498
148 196 -0.155503
148 197 -0.145766
148 240 0.0318379
148 6734 -0.131732
148 6746 -0.0430035
148 6764 -0.124869
148 6765 -0.0208624
149 86 -0.0423252
149 111 -0.112955
149 112 -0.188068
149 142 0.0529429
149 148 0.0502874
149 149 1.11577
149 188 -0.171005
149 189 -0.200103
149 197 -0.187765
149 198 -0.201585
149 241 0.0714581
149 6734 -0.134436
149 6762 -0.0522196
150 87 0.0144194
150 113 -0.0907102
150 114 -0.26788
150 118 -0.1531
150 119 -0.255314
150 144 0.00978442
150 150 2.20887
150 151 -0.0244866
150 156 0.0393148
150 191 -0.167299
150 192 -0.223422
150 202 -0.132113
150 245 0.0053534
150 6766 -0.639674
150 6768 -0.323742
151 88 3.3334e-006
151 114 -0.248127
151 115 -0.25559
151 119 -0.313726
151 120 -0.284247
151 145 -4.40983e-016
151 150 -0.0244866
151 151 2.10927
151 152 0.00222198
151 157 0.0468726
151 192 -0.272617
151 193 -0.287605
151 202 -0.153046
151 203 -0.276978
151 246 -0.0419456
152 89 -0.0245638
152 115 -0.106882
152 120 -0.133204
152 146 -0.0251712
152 151 0.00222198
152 152 0.894911
152 158 -0.0104748
152 193 -0.206145
152 194 -0.0895187
152 203 -0.111524
152 247 -0.0498802
152 6750 -0.0791474
152 6752 -0.0606215
153 147 0.0302173
153 153 0.423089
153 195 -0.0297435
153 196 -0.249038
153 249 -0.0400857
153 6747 -0.0553416
153 6764 -0.0790987
153 6765 6.71206e-007
154 116 -0.223583
154 117 -0.219343
154 121 -0.274508
154 122 -0.136189
154 154 1.88699
154 155 -0.0537059
154 160 0.0586662
154 200 -0.0795594
154 201 -0.114906
154 204 -0.205537
154 205 -0.28341
154 254 -0.0503168
154 6753 -0.072713
154 6769 -0.100595
154 6772 -0.131293
155 117 -0.0631879
155 122 -0.125231
155 154 -0.0537059
155 155 0.649389
155 201 -0.183115
155 205 -0.267137
155 255 0.0443691
155 6774 -0.0365002
155 6775 0.0351188
156 90 -0.0159071
156 118 -0.0700874
156 119 -0.381905
156 123 -0.0973522
156 150 0.0393148
156 156 0.770822
156 157 7.17587e-006
156 202 -0.174953
156 6766 -0.0699389
157 91 0.0123614
157 119 -0.147011
157 120 -0.171504
157 123 -0.0718217
157 124 -0.124175
157 151 0.0468726
157 156 7.17587e-006
157 157 0.897445
157 158 -0.0573623
157 202 -0.122224
157 203 -0.262588
158 92 0.0276051
158 120 -0.44972
158 124 -0.0781269
158 152 -0.0104748
158 157 -0.0573623
158 158 0.738034
158 203 -0.0909765
158 6752 -0.0789783
159 121 -0.0433926
159 125 -0.0823086
159 159 0.858967
159 160 0.0072598
159 161 0.0150135
159 204 -0.262583
159 206 -0.022621
159 207 -0.320686
159 256 -0.00884351
159 6770 -0.00961452
159 6771 -0.0928556
159 6777 -0.0383352
160 121 -0.125308
160 122 -0.102634
160 125 -0.115435
160 154 0.0586662
160 159 0.0072598
160 160 0.980364
160 162 -0.0228342
160 204 -0.0923962
160 205 -0.120646
160 207 -0.227799
160 208 -0.267823
160 257 0.0936003
160 6775 -0.0650161
161 125 -0.085569
161 159 0.0150135
161 161 0.609357
161 162 -0.0431831
161 206 -0.117102
161 207 -0.2817
161 209 -0.0422583
161 210 -0.10159
161 258 0.0470322
162 125 -0.0390653
162 160 -0.0228342
162 161 -0.0431831
162 162 0.513105
162 207 -0.265544
162 208 -0.00154844
162 210 -0.079172
162 259 -0.0617578
163 126 -0.05357
163 127 -0.0617989
163 163 0.76078
163 164 0.0398094
163 168 -0.0441867
163 212 -0.28199
163 213 -0.217249
163 262 -0.0705401
163 6757 -0.0137095
163 6778 -0.0447583
163 6780 -0.0127865
164 127 -0.0681922
164 163 0.0398094
164 164 0.639232
164 169 -0.00409759
164 213 -0.445577
164 214 -0.0171632
164 263 -0.0613233
164 6780 -0.0826886
165 128 -0.22092
165 165 0.609896
165 166 -0.00356216
165 170 -0.0268807
165 215 -0.122389
165 6724 2.20535e-007
165 6754 -0.00245219
165 6756 0.00361775
165 6758 -0.0688856
165 6759 -0.100624
165 6779 -0.0346783
165 6782 0.0214304
165 6788 -0.0545518
166 94 -0.0033869
166 128 -0.145639
166 129 -0.152962
166 165 -0.00356216
166 166 0.695495
166 171 -0.0363718
166 215 -0.101103
166 216 -0.130134
166 264 0.0132713
166 6758 -0.0658811
166 6779 -0.0697268
167 126 -0.360115
167 130 -0.157973
167 131 -0.123876
167 167 1.14796
167 168 0.105439
167 174 0.0552603
167 211 -0.178491
167 212 -0.114561
167 217 -0.144369
167 218 -0.122943
167 266 0.0707867
167 6740 -0.049312
167 6757 -0.0541774
167 6760 -0.0736269
168 95 -0.0323564
168 126 -0.328026
168 127 -0.324612
168 131 -0.215312
168 132 -0.183379
168 163 -0.0441867
168 167 0.105439
168 168 1.94994
168 169 -0.0423408
168 175 -0.000167991
168 212 -0.209372
168 213 -0.17803
168 218 -0.276033
168 219 -0.221559
168 267 -1.56133e-016
169 127 -0.11793
169 132 -0.133733
169 164 -0.00409759
169 168 -0.0423408
169 169 0.928737
169 176 0.00891832
169 213 -0.223923
169 214 -0.0745299
169 219 -0.292998
169 220 -0.0799788
169 268 0.0318757
170 96 0.0297839
170 128 -0.155631
170 133 -0.141632
170 134 -0.251022
170 165 -0.0268807
170 170 2.08885
170 171 -1.33334e-006
170 178 -0.0128844
170 215 -0.144248
170 221 -0.0900559
170 222 -0.277849
170 270 0.014657
170 6754 -0.381556
170 6755 -0.230291
170 6756 -0.356149
170 6759 -0.0246947
170 6788 -0.0403962
171 97 -0.028419
171 128 -0.288489
171 129 -0.174937
171 134 -0.24813
171 135 -0.307697
171 166 -0.0363718
171 170 -1.33334e-006
171 171 2.13156
171 172 0.0082045
171 179 6.00001e-007
171 215 -0.290446
171 216 -0.17479
171 222 -0.24813
171 223 -0.315816
171 271 -0.0265432
172 98 -0.042943
172 129 -0.215572
172 135 -0.236437
172 136 -0.187274
172 171 0.0082045
172 172 1.0363
172 180 0.0520111
172 216 -0.115955
172 223 -0.114996
172 224 -0.135736
172 272 -0.047603
173 99 0.0257428
173 130 -0.140042
173 137 -0.251053
173 173 0.914233
173 174 -0.0310867
173 182 -0.0144547
173 217 -0.119353
173 225 -0.19963
173 274 -0.0203887
173 6760 0.009375
173 6761 -0.0896683
173 6789 -0.0331287
173 6790 -0.0505465
174 100 0.0123367
174 130 -0.303806
174 131 -0.26315
174 137 -0.22025
174 138 -0.24813
174 167 0.0552603
174 173 -0.0310867
174 174 2.042
174 175 3.02804e-016
174 183 1.46671e-016
174 217 -0.286427
174 218 -0.276033
174 225 -0.232587
174 226 -0.24813
174 275 1.51402e-016
175 101 0.0396034
175 131 -0.271797
175 132 -0.273479
175 138 -0.274688
175 139 -0.209137
175 168 -0.000167991
175 174 3.02804e-016
175 175 2.04617
175 176 -0.0139655
175 184 -0.0140855
175 218 -0.24813
175 219 -0.249291
175 226 -0.24813
175 227 -0.282907
175 276 -1.56133e-016
176 132 -0.153753
176 139 -0.135479
176 169 0.00891832
176 175 -0.0139655
176 176 0.984975
176 185 -0.0175833
176 219 -0.204317
176 220 -0.126173
176 227 -0.250454
176 228 -0.131618
176 277 0.0394496
177 133 -0.0917462
177 140 -0.123105
177 177 0.773899
177 178 -0.10026
177 186 0.0155924
177 221 -0.188798
177 229 -0.00268189
177 230 -0.297502
177 279 0.0146018
178 103 -0.0197015
178 133 -0.247738
178 134 -0.246331
178 140 -0.122956
178 141 -0.270109
178 170 -0.0128844
178 177 -0.10026
178 178 1.99397
178 179 -1.33334e-006
178 187 -0.0219792
178 221 -0.169483
178 222 -0.277849
178 230 -0.24395
178 231 -0.24813
178 280 -0.0125962
179 104 6.00001e-007
179 134 -0.24813
179 135 -0.24813
179 141 -0.24813
179 142 -0.24813
179 171 6.00001e-007
179 178 -1.33334e-006
179 179 1.98504
