1 1 0.00198454
1 2 0.000549555
1 3 0.000676238
1 7 0.000992268
1 6705 0.000442713
1 6706 0.00031603
2 1 0.000549555
2 2 0.00476285
2 3 0.00101564
2 7 0.00166738
2 10 0.00148736
2 22 0.000775906
2 6706 0.000293443
2 6707 0.00034451
2 6708 0.000418021
2 6711 0.000296436
2 6718 0.000296021
3 1 0.000676238
3 2 0.00101564
3 3 0.0076552
3 4 0.000780629
3 7 0.00191577
3 10 0.00240513
3 11 0.00126626
3 23 0.001601
3 6705 0.000430334
3 6708 0.000530522
3 6715 0.000366101
3 6717 0.000495182
4 3 0.000780629
4 4 0.00656951
4 10 0.00227089
4 11 0.00126354
4 12 0.00159825
4 13 0.00101387
4 26 0.00201338
4 6708 0.000422963
4 6711 0.00049074
5 5 0.00405516
5 6 0.000448516
5 8 0.000581199
5 16 0.00067862
5 19 0.000901831
5 20 0.00163599
5 31 0.000997867
5 6709 0.000391596
5 6710 0.000447131
6 5 0.000448516
6 6 0.0047279
6 9 0.000644536
6 16 0.000899448
6 20 0.00185178
6 21 0.00101481
6 32 0.0012709
6 6710 0.000449692
6 6714 0.000512167
7 1 0.000992268
7 2 0.00166738
7 3 0.00191577
7 7 0.0135711
7 10 0.00176552
7 17 0.00171591
7 18 0.00138632
7 22 0.00273785
7 23 0.00256664
7 35 0.00214514
7 6705 0.000835641
7 6706 0.000745632
7 6707 0.000757242
7 6713 0.000417122
7 6717 0.00070828
8 5 0.000581199
8 8 0.00473289
8 9 0.000761615
8 19 0.000823918
8 20 0.00236645
8 24 0.000895967
8 38 0.00102363
8 6710 0.000646561
9 6 0.000644536
9 8 0.000761615
9 9 0.00526819
9 20 0.00227354
9 21 0.00129086
9 24 0.000694116
9 39 0.00122794
9 6710 0.000649122
9 6719 0.000360552
10 2 0.00148736
10 3 0.00240513
10 4 0.00227089
10 7 0.00176552
10 10 0.0170932
10 11 0.00176585
10 12 0.00159692
10 22 0.0022072
10 23 0.00288831
10 25 0.00190004
10 26 0.00280605
10 42 0.00203693
10 6708 0.000840984
10 6711 0.00112821
10 6718 0.000540372
11 3 0.00126626
11 4 0.00126354
11 10 0.00176585
11 11 0.00685985
11 13 0.000601177
11 23 0.00177406
11 26 0.00189362
11 43 0.000718337
11 6715 0.000344559
11 6716 0.000270049
11 6720 0.000392334
12 4 0.00159825
12 10 0.00159692
12 12 0.0103572
12 13 0.001377
12 14 0.00045025
12 25 0.00141322
12 26 0.00317781
12 27 0.00204231
12 44 0.00175444
12 6711 0.000559984
12 6712 0.000535387
12 6721 0.000631055
12 6722 0.000399203
13 4 0.00101387
13 11 0.000601177
13 12 0.001377
13 13 0.00785602
13 15 0.000680256
13 26 0.00240668
13 27 0.00210524
13 28 0.000859439
13 45 0.00126957
13 6712 0.000558194
13 6720 0.000636
13 6723 0.000276594
14 12 0.00045025
14 14 0.00317855
14 15 0.000623401
14 27 0.00158928
14 29 0.000708064
14 46 0.000515625
14 6712 0.000470393
14 6721 0.000410819
15 13 0.000680256
15 14 0.000623401
15 15 0.00599171
15 27 0.00245667
15 28 0.00122799
15 29 0.00127467
15 47 0.0016922
15 6712 0.0004932
15 6726 0.000539188
16 5 0.00067862
16 6 0.000899448
16 16 0.00509042
16 20 0.00125729
16 31 0.00135777
16 32 0.00164747
16 49 0.000682904
16 6709 0.000230661
16 6714 0.000374359
16 6725 0.000219122
16 6727 0.000287992
17 7 0.00171591
17 17 0.00694316
17 18 0.000871826
17 22 0.00159377
17 34 0.00114015
17 35 0.00279146
17 51 0.000755984
17 6706 0.000250003
17 6707 0.000412732
17 6713 0.000267385
17 6730 0.000615513
18 7 0.00138632
18 17 0.000871826
18 18 0.00677241
18 23 0.00147375
18 35 0.00246097
18 36 0.00124814
18 52 0.000837507
18 6705 0.000203121
18 6713 0.000251968
18 6715 0.000345123
18 6717 0.000427461
18 6730 0.00065243
19 5 0.000901831
19 8 0.000823918
19 19 0.00764998
19 20 0.00175234
19 30 0.000897639
19 31 0.00234704
19 37 0.000654026
19 38 0.00202552
19 53 0.00159309
19 6709 0.000479556
20 5 0.00163599
20 6 0.00185178
20 8 0.00236645
20 9 0.00227354
20 16 0.00125729
20 19 0.00175234
20 20 0.01995
20 21 0.00204643
20 24 0.00144202
20 31 0.00273269
20 32 0.00278305
20 38 0.00328244
20 39 0.0030241
20 54 0.00238069
20 6710 0.00109625
21 6 0.00101481
21 9 0.00129086
21 20 0.00204643
21 21 0.00998903
21 32 0.00260002
21 33 0.00100732
21 39 0.00297239
21 40 0.00110364
21 55 0.00190066
21 6714 0.000512158
21 6719 0.000535262
22 2 0.000775906
22 7 0.00273785
22 10 0.0022072
22 17 0.00159377
22 22 0.0154092
22 23 0.00240331
22 25 0.00117386
22 34 0.00140263
22 35 0.00388736
22 41 0.00111722
22 42 0.00328148
22 56 0.00175773
22 6707 0.000492794
22 6718 0.000282612
23 3 0.001601
23 7 0.00256664
23 10 0.00288831
23 11 0.00177406
23 18 0.00147375
23 22 0.00240331
23 23 0.0201514
23 26 0.00176911
23 35 0.00330346
23 36 0.00214817
23 42 0.0033725
23 43 0.00252063
23 57 0.00227533
23 6715 0.000898239
23 6716 0.000553219
23 6717 0.000679452
24 8 0.000895967
24 9 0.000694116
24 20 0.00144202
24 24 0.00403419
24 38 0.00116334
24 39 0.00112113
24 60 0.00043528
24 6719 0.000139791
24 6732 0.000159636
25 10 0.00190004
25 12 0.00141322
25 22 0.00117386
25 25 0.0108998
25 26 0.00202172
25 41 0.00116197
25 42 0.00340368
25 44 0.00238792
25 62 0.00145916
25 6711 0.000341031
25 6718 0.000244351
25 6722 0.000454141
25 6735 0.000388665
26 4 0.00201338
26 10 0.00280605
26 11 0.00189362
26 12 0.00317781
26 13 0.00240668
26 23 0.00176911
26 25 0.00202172
26 26 0.0213766
26 27 0.00192252
26 42 0.00314428
26 43 0.00229535
26 44 0.00318023
26 45 0.00247259
26 63 0.00203693
26 6720 0.000924636
27 12 0.00204231
27 13 0.00210524
27 14 0.00158928
27 15 0.00245667
27 26 0.00192252
27 27 0.0187993
27 28 0.00159495
27 29 0.00174508
27 44 0.00271168
27 45 0.00255228
27 46 0.00234841
27 47 0.00299347
27 66 0.00209606
27 6712 0.00102859
27 6721 0.00101247
28 13 0.000859439
28 15 0.00122799
28 27 0.00159495
28 28 0.00562251
28 45 0.00131163
28 47 0.0017632
28 67 0.00063613
28 6723 0.000243755
28 6726 0.00033642
28 6736 0.000188621
28 6737 0.000271635
29 14 0.000708064
29 15 0.00127467
29 27 0.00174508
29 29 0.00591148
29 46 0.00123489
29 47 0.00224768
29 68 0.000771568
29 6726 0.000439091
29 6738 0.000446185
30 19 0.000897639
30 30 0.00399927
30 31 0.00106575
30 37 0.000413533
30 48 0.00075692
30 53 0.00157695
30 72 0.000520358
30 6709 0.000422687
30 6728 0.000345078
31 5 0.000997867
31 16 0.00135777
31 19 0.00234704
31 20 0.00273269
31 30 0.00106575
31 31 0.017566
31 32 0.00174248
31 38 0.00249399
31 48 0.00153731
31 49 0.00232245
31 53 0.00277381
31 54 0.0035409
31 73 0.00203216
31 6709 0.000954063
31 6725 0.000450774
32 6 0.0012709
32 16 0.00164747
32 20 0.00278305
32 21 0.00260002
32 31 0.00174248
32 32 0.0180689
32 33 0.00126786
32 39 0.00230616
32 49 0.00214295
32 50 0.00173157
32 54 0.00305539
32 55 0.0028951
32 74 0.00190763
32 6714 0.00121335
32 6727 0.000539429
33 21 0.00100732
33 32 0.00126786
33 33 0.00491839
33 40 0.000547561
33 50 0.00100311
33 55 0.00197954
33 75 0.000643778
33 6714 0.000479651
33 6729 0.000448763
34 17 0.00114015
34 22 0.00140263
34 34 0.00516463
34 35 0.00194829
34 41 0.000327573
34 51 0.00100834
34 56 0.00144216
34 76 0.000306454
34 6731 0.00017134
35 7 0.00214514
35 17 0.00279146
35 18 0.00246097
35 22 0.00388736
35 23 0.00330346
35 34 0.00194829
35 35 0.0235618
35 36 0.00199481
35 42 0.00240331
35 51 0.00234734
35 52 0.00270545
35 56 0.00298054
35 57 0.00308525
35 77 0.00204795
35 6730 0.00124141
36 18 0.00124814
36 23 0.00214817
36 35 0.00199481
36 36 0.00920529
36 43 0.00145953
36 52 0.00150206
36 57 0.00307133
36 58 0.000952426
36 78 0.00080899
36 6715 0.000339317
36 6716 0.00028317
37 19 0.000654026
37 30 0.000413533
37 37 0.00349159
37 38 0.000743083
37 53 0.00174579
37 59 0.000727504
37 79 0.000589178
37 6728 0.000364264
38 8 0.00102363
38 19 0.00202552
38 20 0.00328244
38 24 0.00116334
38 31 0.00249399
38 37 0.000743083
38 38 0.0165501
38 39 0.00200726
38 53 0.00298544
38 54 0.00408666
38 59 0.000999531
38 60 0.00200717
38 80 0.00200708
39 9 0.00122794
39 20 0.0030241
39 21 0.00297239
39 24 0.00112113
39 32 0.00230616
39 38 0.00200726
39 39 0.01839
39 40 0.00138474
39 54 0.00346257
39 55 0.00292966
39 60 0.0022805
39 61 0.00163892
39 81 0.00185079
39 6719 0.000960734
39 6732 0.000418106
40 21 0.00110364
40 33 0.000547561
40 39 0.00138474
40 40 0.00515075
40 55 0.00209607
40 61 0.000991866
40 82 0.000643073
40 6719 0.000479301
40 6729 0.000479871
41 22 0.00111722
41 25 0.00116197
41 34 0.000327573
41 41 0.00492926
41 42 0.00184464
41 56 0.00130266
41 62 0.00117986
41 83 0.000292417
41 6731 0.000167545
42 10 0.00203693
42 22 0.00328148
42 23 0.0033725
42 25 0.00340368
42 26 0.00314428
42 35 0.00240331
42 41 0.00184464
42 42 0.0263556
42 43 0.00230476
42 44 0.00224171
42 56 0.00305755
42 57 0.00332322
42 62 0.00342882
42 63 0.00334407
42 84 0.00234646
43 11 0.000718337
43 23 0.00252063
43 26 0.00229535
43 36 0.00145953
43 42 0.00230476
43 43 0.0164922
43 45 0.00147608
43 57 0.00384245
43 58 0.00177818
43 63 0.00329662
43 64 0.00166567
43 85 0.0022874
43 6716 0.000366205
43 6720 0.000468764
43 6723 0.000258341
44 12 0.00175444
44 25 0.00238792
44 26 0.00318023
44 27 0.00271168
44 42 0.00224171
44 44 0.0204966
44 45 0.00203689
44 46 0.00164881
44 62 0.00244281
44 63 0.00305538
44 65 0.00184366
44 66 0.00294147
44 87 0.00189346
44 6721 0.000851304
44 6722 0.00108213
44 6735 0.000672969
45 13 0.00126957
45 26 0.00247259
45 27 0.00255228
45 28 0.00131163
45 43 0.00147608
45 44 0.00203689
45 45 0.0178376
45 47 0.00169464
45 63 0.0030022
45 64 0.00189913
45 66 0.00305534
45 67 0.00212508
45 88 0.00198374
45 6720 0.00071243
45 6723 0.000706951
45 6736 0.000457901
46 14 0.000515625
46 27 0.00234841
46 29 0.00123489
46 44 0.00164881
46 46 0.0106789
46 47 0.00200232
46 65 0.00120827
46 66 0.00322665
46 68 0.00165795
46 90 0.0011727
46 6721 0.000631068
46 6722 0.00037167
47 15 0.0016922
47 27 0.00299347
47 28 0.0017632
47 29 0.00224768
47 45 0.00169464
47 46 0.00200232
47 47 0.0182588
47 66 0.00328743
47 67 0.00236522
47 68 0.00278437
47 69 0.00183112
47 91 0.00238266
47 6726 0.000986366
47 6737 0.000519469
47 6738 0.000838138
48 30 0.00075692
48 31 0.00153731
48 48 0.00796376
48 49 0.0012652
48 53 0.00144027
48 70 0.00113242
48 72 0.00131215
48 73 0.00299331
48 96 0.00103257
48 6709 0.000243846
48 6725 0.000231652
49 16 0.000682904
49 31 0.00232245
49 32 0.00214295
49 48 0.0012652
49 49 0.0144929
49 50 0.00107227
49 54 0.00232043
49 70 0.00145395
49 71 0.0012234
49 73 0.00356908
49 74 0.00315213
49 97 0.00190564
49 6725 0.000310995
49 6727 0.000317897
50 32 0.00173157
50 33 0.00100311
50 49 0.00107227
50 50 0.00850731
50 55 0.00173335
50 71 0.000998038
50 74 0.00299911
50 75 0.00152404
50 98 0.00112121
50 6714 0.000326833
50 6727 0.000251436
51 17 0.000755984
51 34 0.00100834
51 35 0.00234734
51 51 0.00777985
51 52 0.00118178
51 56 0.0013277
51 76 0.000918273
51 77 0.0022926
51 99 0.000624466
51 6730 0.000588982
51 6743 0.000624316
52 18 0.000837507
52 35 0.00270545
52 36 0.00150206
52 51 0.00118178
52 52 0.0112118
52 57 0.00212609
52 77 0.00295763
52 78 0.00189476
52 100 0.00146052
52 6730 0.0006259
52 6741 0.000255384
52 6742 0.000413675
52 6743 0.000856935
53 19 0.00159309
53 30 0.00157695
53 31 0.00277381
53 37 0.00174579
53 38 0.00298544
53 48 0.00144027
53 53 0.0193336
53 54 0.00238068
53 59 0.00138891
53 72 0.0022509
53 73 0.00285572
53 79 0.00224871
53 80 0.00289632
53 103 0.00201414
53 6728 0.00084973
54 20 0.00238069
54 31 0.0035409
54 32 0.00305539
54 38 0.00408666
54 39 0.00346257
54 49 0.00232043
54 53 0.00238068
54 54 0.0273263
54 55 0.00203692
54 60 0.00250751
54 73 0.00333889
54 74 0.00319714
54 80 0.00346255
54 81 0.00318222
54 104 0.00203692
55 21 0.00190066
55 32 0.0028951
55 33 0.00197954
55 39 0.00292966
55 40 0.00209607
55 50 0.00173335
55 54 0.00203692
55 55 0.0202806
55 61 0.00148635
55 74 0.00299073
55 75 0.00243091
55 81 0.0027182
55 82 0.00224034
55 105 0.00199119
55 6729 0.000991809
56 22 0.00175773
56 34 0.00144216
56 35 0.00298054
56 41 0.00130266
56 42 0.00305755
56 51 0.0013277
56 56 0.0169714
56 57 0.00203693
56 62 0.00163384
56 76 0.00118087
56 77 0.00272435
56 83 0.00126162
56 84 0.00302163
56 107 0.0014052
56 6731 0.000324291
57 23 0.00227533
57 35 0.00308525
57 36 0.00307133
57 42 0.00332322
57 43 0.00384245
57 52 0.00212609
57 56 0.00203693
57 57 0.0259923
57 58 0.00183208
57 63 0.00230476
57 77 0.00335908
57 78 0.00301305
57 84 0.0030554
57 85 0.00324251
57 108 0.00242096
58 36 0.000952426
58 43 0.00177818
58 57 0.00183208
58 58 0.00634931
58 64 0.000826208
58 78 0.000782306
58 85 0.00222223
58 109 0.000516363
58 6733 0.000614167
59 37 0.000727504
59 38 0.000999531
59 53 0.00138891
59 59 0.004738
59 60 0.000501427
59 79 0.00102506
59 80 0.0016415
59 110 0.000478668
59 6745 0.00034441
60 24 0.00043528
60 38 0.00200717
60 39 0.0022805
60 54 0.00250751
60 59 0.000501427
60 60 0.0119789
60 61 0.000998444
60 80 0.00261051
60 81 0.00290267
60 86 0.000967815
60 111 0.00154677
60 6732 0.000297225
60 6745 0.000592292
60 6746 0.000320692
61 39 0.00163892
61 40 0.000991866
61 55 0.00148635
61 60 0.000998444
61 61 0.00695325
61 81 0.00222629
61 82 0.0010688
61 86 0.000768909
61 112 0.000706153
61 6719 0.000285681
61 6732 0.00025847
62 25 0.00145916
62 41 0.00117986
62 42 0.00342882
62 44 0.00244281
62 56 0.00163384
62 62 0.0157054
62 63 0.00234646
62 65 0.000865998
62 83 0.00129251
62 84 0.00373509
62 87 0.00276965
62 113 0.00154722
62 6735 0.000361709
62 6751 0.000494915
63 26 0.00203693
63 42 0.00334407
63 43 0.00329662
63 44 0.00305538
63 45 0.0030022
63 57 0.00230476
63 62 0.00234646
63 63 0.0254914
63 64 0.00198374
63 66 0.00203689
63 84 0.00336492
63 85 0.00318929
63 87 0.00321014
63 88 0.00302878
63 114 0.00203693
64 43 0.00166567
64 45 0.00189913
64 58 0.000826208
64 63 0.00198374
64 64 0.0119524
64 67 0.00114563
64 85 0.00268819
64 88 0.00298782
64 89 0.00128372
64 115 0.00173756
64 6723 0.000283069
64 6733 0.000773794
64 6736 0.00026928
64 6749 0.000384801
65 44 0.00184366
65 46 0.00120827
65 62 0.000865998
65 65 0.00749155
65 66 0.00192283
65 87 0.00225321
65 90 0.00138592
65 118 0.000578613
65 6722 0.000378338
65 6735 0.000284304
65 6751 0.000516199
66 27 0.00209606
66 44 0.00294147
66 45 0.00305534
66 46 0.00322665
66 47 0.00328743
66 63 0.00203689
66 65 0.00192283
66 66 0.0260284
66 67 0.00218974
66 68 0.00252308
66 87 0.00310263
66 88 0.00313174
66 90 0.00365354
66 91 0.00362956
66 119 0.00224558
67 28 0.00063613
67 45 0.00212508
67 47 0.00236522
67 64 0.00114563
67 66 0.00218974
67 67 0.0139066
67 69 0.00131201
67 88 0.00296853
67 89 0.00107345
67 91 0.00340817
67 92 0.00133366
67 120 0.00166978
67 6736 0.000285885
67 6737 0.000346591
68 29 0.000771568
68 46 0.00165795
68 47 0.00278437
68 66 0.00252308
68 68 0.0126153
68 69 0.00167751
68 90 0.00210837
68 91 0.00408584
68 93 0.00141489
68 123 0.00133547
68 6738 0.000563839
69 47 0.00183112
69 67 0.00131201
69 68 0.00167751
69 69 0.00881562
69 91 0.00376802
69 92 0.00105839
69 93 0.00151831
69 124 0.00120744
69 6726 0.000210855
69 6737 0.000247834
69 6738 0.000391954
70 48 0.00113242
70 49 0.00145395
70 70 0.0075925
70 71 0.000654106
70 73 0.00204272
70 94 0.000782669
70 96 0.00155963
70 97 0.0022467
70 128 0.00109942
70 6724 0.000417125
71 49 0.0012234
71 50 0.000998038
71 70 0.000654106
71 71 0.00663901
71 74 0.00183172
71 94 0.00074389
71 97 0.00232147
71 98 0.00135221
71 129 0.000833677
72 30 0.000520358
72 48 0.00131215
72 53 0.0022509
72 72 0.00913374
72 73 0.00197288
72 79 0.0011847
72 96 0.0015257
72 102 0.000790272
72 103 0.00276925
72 133 0.000888937
72 6728 0.000485467
73 31 0.00203216
73 48 0.00299331
73 49 0.00356908
73 53 0.00285572
73 54 0.00333889
73 70 0.00204272
73 72 0.00197288
73 73 0.0249976
73 74 0.00232043
73 80 0.00203692
73 96 0.00301862
73 97 0.00311736
73 103 0.00304924
73 104 0.00305539
73 134 0.0020937
74 32 0.00190763
74 49 0.00315213
74 50 0.00299911
74 54 0.00319714
74 55 0.00299073
74 71 0.00183172
74 73 0.00232043
74 74 0.02501
74 75 0.00222488
74 81 0.00203692
74 97 0.00308561
74 98 0.00330677
74 104 0.00305539
74 105 0.00322315
74 135 0.00218342
75 33 0.000643778
75 50 0.00152404
75 55 0.00243091
75 74 0.00222488
75 75 0.0103183
75 82 0.00122312
75 98 0.00181019
75 105 0.00312317
75 106 0.000918048
75 136 0.00106736
75 6729 0.000511938
76 34 0.000306454
76 51 0.000918273
76 56 0.00118087
76 76 0.00386294
76 77 0.00138927
76 83 0.000235744
76 99 0.000750602
76 107 0.000856451
76 6731 0.000156746
77 35 0.00204795
77 51 0.0022926
77 52 0.00295763
77 56 0.00272435
77 57 0.00335908
77 76 0.00138927
77 77 0.0227699
77 78 0.00253262
77 84 0.00222987
77 99 0.00207063
77 100 0.00277516
77 107 0.00295814
77 108 0.00363236
77 137 0.00193663
77 6743 0.00124863
78 36 0.00080899
78 52 0.00189476
78 57 0.00301305
78 58 0.000782306
78 77 0.00253262
78 78 0.0161501
78 85 0.00187551
78 100 0.00294126
78 101 0.00119053
78 108 0.00420745
78 109 0.00212074
78 138 0.00236599
78 6742 0.000491944
79 37 0.000589178
79 53 0.00224871
79 59 0.00102506
79 72 0.0011847
79 79 0.00876916
79 80 0.00168229
79 102 0.000798966
79 103 0.00285486
79 110 0.00133691
79 140 0.000928408
79 6728 0.000504652
80 38 0.00200708
80 53 0.00289632
80 54 0.00346255
80 59 0.0016415
80 60 0.00261051
80 73 0.00203692
80 79 0.00168229
80 80 0.0214761
80 81 0.00216376
80 103 0.00302836
80 104 0.00305539
80 110 0.00217583
80 111 0.00260564
80 141 0.00195965
80 6745 0.000888344
81 39 0.00185079
81 54 0.00318222
81 55 0.0027182
81 60 0.00290267
81 61 0.00222629
81 74 0.00203692
81 80 0.00216376
81 81 0.0224772
81 82 0.00165717
81 86 0.00146933
81 104 0.00305539
81 105 0.00301747
81 111 0.00281261
81 112 0.00256234
81 142 0.00206062
82 40 0.000643073
82 55 0.00224034
82 61 0.0010688
82 75 0.00122312
82 81 0.00165717
82 82 0.00894019
82 105 0.00285825
82 106 0.000908878
82 112 0.00132087
82 143 0.000946728
82 6729 0.000543046
83 41 0.000292417
83 56 0.00126162
83 62 0.00129251
83 76 0.000235744
83 83 0.00497812
83 84 0.0019609
83 107 0.00104361
83 113 0.00122744
83 6731 0.000152951
84 42 0.00234646
84 56 0.00302163
84 57 0.0030554
84 62 0.00373509
84 63 0.00336492
84 77 0.00222987
84 83 0.0019609
84 84 0.0268335
84 85 0.00203693
84 87 0.00234646
84 107 0.00344925
84 108 0.00324833
84 113 0.00378188
84 114 0.00317702
84 144 0.00249614
85 43 0.0022874
85 57 0.00324251
85 58 0.00222223
85 63 0.00318929
85 64 0.00268819
85 78 0.00187551
85 84 0.00203693
85 85 0.0237044
85 88 0.00203691
85 108 0.00359557
85 109 0.00286611
85 114 0.0030554
85 115 0.00284513
85 145 0.00234923
85 6733 0.00126623
86 60 0.000967815
86 61 0.000768909
86 81 0.00146933
86 86 0.00457889
86 111 0.00152054
86 112 0.00102128
86 149 0.000520191
86 6734 0.000300351
86 6746 0.000299921
87 44 0.00189346
87 62 0.00276965
87 63 0.00321014
87 65 0.00225321
87 66 0.00310263
87 84 0.00234646
87 87 0.0219302
87 88 0.00203689
87 90 0.00190081
87 113 0.00251002
87 114 0.00305538
87 118 0.00203743
87 119 0.00299171
87 150 0.00186895
87 6751 0.000918507
88 45 0.00198374
88 63 0.00302878
88 64 0.00298782
88 66 0.00313174
88 67 0.00296853
88 85 0.00203691
88 87 0.00203689
88 88 0.0238186
88 89 0.00162513
88 91 0.00218972
88 114 0.00305538
88 115 0.00285666
88 119 0.00305532
88 120 0.00273435
88 151 0.00203689
89 64 0.00128372
89 67 0.00107345
89 88 0.00162513
89 89 0.00612822
89 92 0.000407559
89 115 0.00172426
89 120 0.00146604
89 152 0.000641429
89 6749 0.000389994
89 6750 0.000314348
89 6752 0.000266406
90 46 0.0011727
90 65 0.00138592
90 66 0.00365354
90 68 0.00210837
90 87 0.00190081
90 90 0.0137255
90 91 0.00268677
90 118 0.00124995
90 119 0.00336844
90 123 0.00195924
90 156 0.00110245
91 47 0.00238266
91 66 0.00362956
91 67 0.00340817
91 68 0.00408584
91 69 0.00376802
91 88 0.00218972
91 90 0.00268677
91 91 0.0299838
91 92 0.00200354
91 93 0.00255439
91 119 0.00386297
91 120 0.00342288
91 123 0.00417142
91 124 0.0036349
91 157 0.00317481
92 67 0.00133366
92 69 0.00105839
92 89 0.000407559
92 91 0.00200354
92 92 0.00562167
92 120 0.00175245
92 124 0.00119735
92 158 0.000399732
92 6752 0.000279823
93 68 0.00141489
93 69 0.00151831
93 91 0.00255439
93 93 0.00510877
93 123 0.00103608
93 124 0.0011395
94 70 0.000782669
94 71 0.00074389
94 94 0.00434581
94 97 0.00138702
94 128 0.00142901
94 129 0.00113759
94 166 0.000531121
94 6724 0.000254762
94 6758 0.000252643
95 95 0.00487835
95 101 0.000607952
95 126 0.000957909
95 127 0.000823745
95 131 0.00161543
95 132 0.001185
95 168 0.00154594
95 6740 0.00028528
95 6744 0.000296268
96 48 0.00103257
96 70 0.00155963
96 72 0.0015257
96 73 0.00301862
96 96 0.0141212
96 97 0.00187432
96 103 0.00207296
96 128 0.00210089
96 133 0.00181576
96 134 0.00321402
96 170 0.00171269
96 6724 0.000368047
96 6754 0.000379387
96 6759 0.000507164
97 49 0.00190564
97 70 0.0022467
97 71 0.00232147
97 73 0.00311736
97 74 0.00308561
97 94 0.00138702
97 96 0.00187432
97 97 0.0231788
97 98 0.00199864
97 104 0.00203692
97 128 0.00277373
97 129 0.00314495
97 134 0.00311217
97 135 0.00337686
97 171 0.00238687
98 50 0.00112121
98 71 0.00135221
98 74 0.00330677
98 75 0.00181019
98 97 0.00199864
98 98 0.0133146
98 105 0.00237247
98 129 0.00158181
98 135 0.00349489
98 136 0.00176872
98 172 0.00116497
99 51 0.000624466
99 76 0.000750602
99 77 0.00207063
99 99 0.00732486
99 100 0.00137184
99 107 0.00105949
99 130 0.00109009
99 137 0.0020994
99 173 0.000606636
99 6741 0.0003141
99 6743 0.000569152
99 6761 0.000430889
100 52 0.00146052
100 77 0.00277516
100 78 0.00294126
100 99 0.00137184
100 100 0.0188511
100 101 0.00168834
100 108 0.00242096
100 130 0.00187445
100 131 0.00214841
100 137 0.00276956
100 138 0.00329279
100 174 0.00188502
100 6739 0.000598846
100 6741 0.000761474
100 6742 0.00089406
100 6743 0.000801771
100 6744 0.000592133
101 78 0.00119053
101 95 0.000607952
101 100 0.00168834
101 101 0.0111232
101 109 0.000936969
101 131 0.00263052
101 132 0.00157621
101 138 0.003165
101 139 0.00161939
101 175 0.00232836
101 6742 0.000348193
101 6744 0.000593398
102 72 0.000790272
102 79 0.000798966
102 102 0.00316109
102 103 0.00158054
102 133 0.000781578
102 140 0.000790272
103 53 0.00201414
103 72 0.00276925
103 73 0.00304924
103 79 0.00285486
103 80 0.00302836
103 96 0.00207296
103 102 0.00158054
103 103 0.0240015
103 104 0.00203692
103 110 0.00201373
103 133 0.00293433
103 134 0.00308938
103 140 0.00311377
103 141 0.00316232
103 178 0.00228247
104 54 0.00203692
104 73 0.00305539
104 74 0.00305539
104 80 0.00305539
104 81 0.00305539
104 97 0.00203692
104 103 0.00203692
104 104 0.0244431
104 105 0.00203692
104 111 0.00203692
104 134 0.00305539
104 135 0.00305539
104 141 0.00305539
104 142 0.00305539
104 179 0.00203692
105 55 0.00199119
105 74 0.00322315
105 75 0.00312317
105 81 0.00301747
105 82 0.00285825
105 98 0.00237247
105 104 0.00203692
105 105 0.0255218
105 106 0.00180758
105 112 0.00201879
105 135 0.0032652
105 136 0.00342608
105 142 0.00325344
105 143 0.00335508
105 180 0.00253397
106 75 0.000918048
106 82 0.000908878
106 105 0.00180758
106 106 0.00361516
106 136 0.000898702
106 143 0.000889532
107 56 0.0014052
107 76 0.000856451
107 77 0.00295814
107 83 0.00104361
107 84 0.00344925
107 99 0.00105949
107 107 0.0151211
107 108 0.0024228
107 113 0.00164342
107 137 0.00265915
107 144 0.00310577
107 182 0.00102965
107 6761 0.000453046
107 6763 0.000595704
108 57 0.00242096
108 77 0.00363236
108 78 0.00420745
108 84 0.00324833
108 85 0.00359557
108 100 0.00242096
108 107 0.0024228
108 108 0.0281436
108 109 0.00273323
108 114 0.00203693
108 137 0.00324833
108 138 0.00359555
108 144 0.00324833
108 145 0.00336768
108 183 0.00203693
109 58 0.000516363
109 78 0.00212074
109 85 0.00286611
109 101 0.000936969
109 108 0.00273323
109 109 0.0175774
109 115 0.00201422
109 138 0.00344611
109 139 0.00153604
109 145 0.00416861
109 146 0.00237653
109 184 0.00258791
109 6733 0.000697537
109 6749 0.000365722
110 59 0.000478668
110 79 0.00133691
110 80 0.00217583
110 103 0.00201373
110 110 0.011722
110 111 0.00166772
110 140 0.00189884
110 141 0.00300069
110 147 0.000682436
110 148 0.00166562
110 187 0.00170088
110 6745 0.000547368
110 6746 0.000414306
111 60 0.00154677
111 80 0.00260564
111 81 0.00281261
111 86 0.00152054
111 104 0.00203692
111 110 0.00166772
111 111 0.0208806
111 112 0.00170152
111 141 0.00319188
111 142 0.00324798
111 148 0.00281483
111 149 0.00287738
111 188 0.00275429
111 6734 0.000733076
111 6745 0.00079525
111 6746 0.0010145
112 61 0.000706153
112 81 0.00256234
112 82 0.00132087
112 86 0.00102128
112 105 0.00201879
112 111 0.00170152
112 112 0.0121056
112 142 0.00312646
112 143 0.00182652
112 149 0.00166393
112 189 0.00162632
112 6762 0.000584168
113 62 0.00154722
113 83 0.00122744
113 84 0.00378188
113 87 0.00251002
113 107 0.00164342
113 113 0.0143195
113 114 0.00228017
113 118 0.00079625
113 144 0.00302528
113 150 0.00241134
113 191 0.000892686
113 6751 0.000402308
113 6763 0.000564227
113 6768 0.000397011
114 63 0.00203693
114 84 0.00317702
114 85 0.0030554
114 87 0.00305538
114 88 0.00305538
114 108 0.00203693
114 113 0.00228017
114 114 0.0249296
114 115 0.00203693
114 119 0.00203689
114 144 0.00329863
114 145 0.0030554
114 150 0.003177
114 151 0.00305538
114 192 0.00203693
115 64 0.00173756
115 85 0.00284513
115 88 0.00285666
115 89 0.00172426
115 109 0.00201422
115 114 0.00203693
115 115 0.0202158
115 120 0.00163949
115 145 0.00336769
115 146 0.00223207
115 151 0.00310132
115 152 0.00228949
115 193 0.00212881
115 6733 0.000857164
115 6749 0.000941984
115 6750 0.000550862
116 116 0.00190153
116 117 0.000274252
116 121 0.00028786
116 154 0.000950764
116 200 0.000388653
116 6753 0.000277827
116 6769 0.000344995
116 6772 0.000327943
117 116 0.000274252
117 117 0.00260179
117 122 0.000505477
117 154 0.00130089
117 155 0.000574274
117 201 0.000521164
117 6753 0.000350718
117 6769 0.000375902
118 65 0.000578613
118 87 0.00203743
118 90 0.00124995
118 113 0.00079625
118 118 0.0070116
118 119 0.00182372
118 150 0.00183225
118 156 0.00119519
118 6751 0.000423592
118 6766 0.000307219
118 6768 0.000273183
119 66 0.00224558
119 87 0.00299171
119 88 0.00305532
119 90 0.00336844
119 91 0.00386297
119 114 0.00203689
119 118 0.00182372
119 119 0.0285621
119 120 0.00242738
119 123 0.00301464
119 150 0.00307692
119 151 0.00380516
119 156 0.00362123
119 157 0.0047804
119 202 0.00273287
120 67 0.00166978
120 88 0.00273435
120 89 0.00146604
120 91 0.00342288
120 92 0.00175245
120 115 0.00163949
120 119 0.00242738
120 120 0.0193483
120 124 0.00176478
120 151 0.00330873
120 152 0.001985
120 157 0.00320233
120 158 0.00147648
120 203 0.0016383
120 6752 0.000534397
121 116 0.00028786
121 121 0.00542251
121 122 0.000745869
121 154 0.00180516
121 159 0.000814355
121 160 0.00161257
121 204 0.00167753
121 6753 0.000385369
121 6770 0.000336024
121 6772 0.00046904
122 117 0.000505477
122 121 0.000745869
122 122 0.00552326
122 154 0.00232158
122 155 0.000868353
122 160 0.00143502
122 205 0.00151028
122 6753 0.00045826
122 6775 0.000440053
123 68 0.00133547
123 90 0.00195924
123 91 0.00417142
123 93 0.00103608
123 119 0.00301464
123 123 0.0113192
123 124 0.00130948
123 156 0.00148817
123 157 0.00266427
124 69 0.00120744
124 91 0.0036349
124 92 0.00119735
124 93 0.0011395
124 120 0.00176478
124 123 0.00130948
124 124 0.00856339
124 157 0.00194484
124 158 0.000646792
125 125 0.00465522
125 159 0.00114895
125 160 0.00129032
125 161 0.00103729
125 162 0.00117866
125 207 0.00232761
126 95 0.000957909
126 126 0.00546099
126 127 0.000823745
126 131 0.00100391
126 163 0.000880269
126 167 0.000892319
126 168 0.0020764
126 212 0.000902838
126 6740 0.000359301
126 6757 0.000294798
127 95 0.000823745
127 126 0.000823745
127 127 0.00582514
127 132 0.000757587
127 163 0.00113629
127 164 0.000574352
127 168 0.00233822
127 169 0.000952533
127 213 0.00133124
128 70 0.00109942
128 94 0.00142901
128 96 0.00210089
128 97 0.00277373
128 128 0.0165331
128 129 0.00208917
128 134 0.0020937
128 165 0.00125781
128 166 0.00236419
128 170 0.00234129
128 171 0.00347885
128 215 0.00184219
128 6724 0.000787358
128 6758 0.000497904
128 6759 0.000644184
129 71 0.000833677
129 94 0.00113759
129 97 0.00314495
129 98 0.00158181
129 128 0.00208917
129 129 0.0145276
129 135 0.00253338
129 166 0.00194837
129 171 0.0045444
129 172 0.00217048
129 216 0.00180757
130 99 0.00109009
130 100 0.00187445
130 130 0.0104826
130 131 0.00155436
130 137 0.00169363
130 167 0.00161111
130 173 0.00164252
130 174 0.00283341
130 217 0.00163089
130 6739 0.000444566
130 6740 0.000374032
130 6741 0.00036242
130 6760 0.000612427
131 95 0.00161543
131 100 0.00214841
131 101 0.00263052
131 126 0.00100391
131 130 0.00155436
131 131 0.019534
131 132 0.00186548
131 138 0.00218264
131 167 0.0026156
131 168 0.00270624
131 174 0.00317686
131 175 0.00320215
131 218 0.00238053
131 6739 0.000532943
131 6740 0.000905881
131 6744 0.000780087
132 95 0.001185
132 101 0.00157621
132 127 0.000757587
132 131 0.00186548
132 132 0.0112839
132 139 0.00114345
132 168 0.00256666
132 169 0.00120058
132 175 0.00325635
132 176 0.00149907
132 219 0.00187541
133 72 0.000888937
133 96 0.00181576
133 102 0.000781578
133 103 0.00293433
133 133 0.0123077
133 134 0.00207092
133 140 0.00156812
133 170 0.0022407
133 177 0.0009788
133 178 0.00321944
133 221 0.00125958
133 6754 0.000366264
133 6755 0.000337059
134 73 0.0020937
134 96 0.00321402
134 97 0.00311217
134 103 0.00308938
134 104 0.00305539
134 128 0.0020937
134 133 0.00207092
134 134 0.0247382
134 135 0.00203692
134 141 0.00203692
134 170 0.00311217
134 171 0.00305539
134 178 0.00304431
134 179 0.00305539
134 222 0.00203692
135 74 0.00218342
135 97 0.00337686
135 98 0.00349489
135 104 0.00305539
135 105 0.0032652
135 129 0.00253338
135 134 0.00203692
135 135 0.0270423
135 136 0.00231005
135 142 0.00203692
135 171 0.00359711
135 172 0.00382372
135 179 0.00305539
135 180 0.00337378
135 223 0.00242046
136 75 0.00106736
136 98 0.00176872
136 105 0.00342608
136 106 0.000898702
136 135 0.00231005
136 136 0.0126948
136 143 0.00188782
136 172 0.00172756
136 180 0.00367998
136 181 0.00119376
136 224 0.00108216
137 77 0.00193663
137 99 0.0020994
137 100 0.00276956
137 107 0.00265915
137 108 0.00324833
137 130 0.00169363
137 137 0.020741
137 138 0.00203693
137 144 0.00212423
137 173 0.00198286
137 174 0.00278805
137 182 0.0022347
137 183 0.0029589
137 225 0.00175811
137 6761 0.000820952
138 78 0.00236599
138 100 0.00329279
138 101 0.003165
138 108 0.00359555
138 109 0.00344611
138 131 0.00218264
138 137 0.00203693
138 138 0.0261999
138 139 0.00212823
138 145 0.00234921
138 174 0.0030554
138 175 0.00330563
138 183 0.0030554
138 184 0.003284
138 226 0.00203693
139 101 0.00161939
139 109 0.00153604
139 132 0.00114345
139 138 0.00212823
139 139 0.013969
139 146 0.00125781
139 175 0.00356681
139 176 0.00178887
139 184 0.00357625
139 185 0.00188167
139 227 0.00245502
140 79 0.000928408
140 102 0.000790272
140 103 0.00311377
140 110 0.00189884
140 133 0.00156812
140 140 0.0147115
140 141 0.00231781
140 147 0.000658374
140 177 0.00141106
140 178 0.00365781
140 186 0.00100882
140 187 0.00283091
140 230 0.00188302
141 80 0.00195965
141 103 0.00316232
141 104 0.00305539
141 110 0.00300069
141 111 0.00319188
141 134 0.00203692
141 140 0.00231781
141 141 0.0255261
141 142 0.00203692
141 148 0.00237484
141 178 0.00332604
141 179 0.00305539
141 187 0.00335348
141 188 0.00338096
141 231 0.00203692
142 81 0.00206062
142 104 0.00305539
142 105 0.00325344
142 111 0.00324798
142 112 0.00312646
142 135 0.00203692
142 141 0.00203692
142 142 0.0259583
142 143 0.00240934
142 149 0.00239842
142 179 0.00305539
142 180 0.00340412
142 188 0.00339319
142 189 0.00342235
142 232 0.00203692
143 82 0.000946728
143 105 0.00335508
143 106 0.000889532
143 112 0.00182652
143 136 0.00188782
143 142 0.00240934
143 143 0.0154807
143 180 0.004112
143 181 0.00158469
143 189 0.00280056
143 190 0.000912281
143 233 0.00191228
143 6762 0.00058416
144 84 0.00249614
144 107 0.00310577
144 108 0.00324833
144 113 0.00302528
144 114 0.00329863
144 137 0.00212423
144 144 0.0227437
144 145 0.00203693
144 150 0.00195151
144 182 0.00233641
144 183 0.00300715
144 191 0.00196027
144 192 0.0027618
144 234 0.00174333
144 6763 0.00101968
145 85 0.00234923
145 108 0.00336768
145 109 0.00416861
145 114 0.0030554
145 115 0.00336769
145 138 0.00234921
145 144 0.00203693
145 145 0.0269395
145 146 0.00266053
145 151 0.00203693
145 183 0.0030554
145 184 0.00367898
145 192 0.0030554
145 193 0.00319036
145 235 0.00203693
146 109 0.00237653
146 115 0.00223207
146 139 0.00125781
146 145 0.00266053
146 146 0.0154042
146 152 0.00117443
146 184 0.0040321
146 185 0.00178539
146 193 0.00330367
146 194 0.00143792
146 236 0.00226245
146 6749 0.000346884
146 6750 0.000236514
147 110 0.000682436
147 140 0.000658374
147 147 0.00644883
147 148 0.000815257
147 153 0.000469952
147 186 0.000957572
147 187 0.00195107
147 195 0.00096999
147 196 0.00158441
147 239 0.00128083
147 6764 0.000303356
148 110 0.00166562
148 111 0.00281483
148 141 0.00237484
148 147 0.000815257
148 148 0.0177343
148 149 0.00205289
148 187 0.00302087
148 188 0.00472921
148 196 0.0020396
148 197 0.00279057
148 240 0.00280424
148 6734 0.000432725
148 6746 0.000463262
148 6764 0.00024088
148 6765 0.000356667
149 86 0.000520191
149 111 0.00287738
149 112 0.00166393
149 142 0.00239842
149 148 0.00205289
149 149 0.0156385
149 188 0.00450235
149 189 0.00291851
149 197 0.00202338
149 198 0.00119942
149 241 0.0022636
149 6734 0.000453575
149 6762 0.000584167
150 87 0.00186895
150 113 0.00241134
150 114 0.003177
150 118 0.00183225
150 119 0.00307692
150 144 0.00195151
150 150 0.0188004
150 151 0.00233845
150 156 0.00141714
150 191 0.0017341
150 192 0.00291607
150 202 0.00265687
150 245 0.00125662
150 6766 0.000995888
150 6768 0.00056754
151 88 0.00203689
151 114 0.00305538
151 115 0.00310132
151 119 0.00380516
151 120 0.00330873
151 145 0.00203693
151 150 0.00233845
151 151 0.0279938
151 152 0.0023259
151 157 0.00270376
151 192 0.00335694
151 193 0.00334438
151 202 0.00428842
151 203 0.00373349
151 246 0.00255498
152 89 0.000641429
152 115 0.00228949
152 120 0.001985
152 146 0.00117443
152 151 0.0023259
152 152 0.0115795
152 158 0.000434822
152 193 0.00344534
152 194 0.00101902
152 203 0.00222665
152 247 0.00121316
152 6750 0.000359401
152 6752 0.000254573
153 147 0.000469952
153 153 0.00227243
153 195 0.000646947
153 196 0.00113622
153 249 0.000495645
153 6747 0.000264365
153 6764 0.000224906
153 6765 0.00017062
154 116 0.000950764
154 117 0.00130089
154 121 0.00180516
154 122 0.00232158
154 154 0.0178239
154 155 0.00139638
154 160 0.00240071
154 200 0.00247604
154 201 0.00270258
154 204 0.00293705
154 205 0.00332987
154 254 0.00261994
154 6753 0.000736087
154 6769 0.000889981
154 6772 0.000868866
155 117 0.000574274
155 122 0.000868353
155 154 0.00139638
155 155 0.00435011
155 201 0.00106058
155 205 0.00160078
155 255 0.000533723
155 6774 0.00024612
155 6775 0.000244948
156 90 0.00110245
156 118 0.00119519
156 119 0.00362123
156 123 0.00148817
156 150 0.00141714
156 156 0.00813027
156 157 0.00154554
156 202 0.00138178
156 6766 0.000443909
157 91 0.00317481
157 119 0.0047804
157 120 0.00320233
157 123 0.00266427
157 124 0.00194484
157 151 0.00270376
157 156 0.00154554
157 157 0.0161321
157 158 0.000641923
157 202 0.00219942
157 203 0.00134078
158 92 0.000399732
158 120 0.00147648
158 124 0.000646792
158 152 0.000434822
158 157 0.000641923
158 158 0.00295296
158 203 0.000561695
158 6752 0.000267991
159 121 0.000814355
159 125 0.00114895
159 159 0.00908004
159 160 0.00177046
159 161 0.000966459
159 204 0.00214762
159 206 0.00115465
159 207 0.00305852
159 256 0.00142997
159 6770 0.000373137
159 6771 0.000436711
159 6777 0.000319227
160 121 0.00161257
160 122 0.00143502
160 125 0.00129032
160 154 0.00240071
160 159 0.00177046
160 160 0.0159988
160 162 0.0012299
160 204 0.00377382
160 205 0.0028999
160 207 0.00348691
160 208 0.00150022
160 257 0.00215444
160 6775 0.000443873
161 125 0.00103729
161 159 0.000966459
161 161 0.00593714
161 162 0.000866883
161 206 0.000996322
161 207 0.00243638
161 209 0.000532184
161 210 0.000934958
161 258 0.00113523
162 125 0.00117866
162 160 0.0012299
162 161 0.000866883
162 162 0.00613585
162 207 0.00306792
162 208 0.00114505
162 210 0.000744215
162 259 0.00097114
163 126 0.000880269
163 127 0.00113629
163 163 0.00570152
163 164 0.000497139
163 168 0.0014728
163 212 0.0012685
163 213 0.00181944
163 262 0.000675076
163 6757 0.000205743
163 6778 0.000151054
163 6780 0.000445964
164 127 0.000574352
164 163 0.000497139
164 164 0.00313727
164 169 0.000574357
164 213 0.00156864
164 214 0.0006251
164 263 0.000497141
164 6780 0.000369186
165 128 0.00125781
165 165 0.00448867
165 166 0.000773655
165 170 0.00113308
165 215 0.00137101
165 6724 0.000164549
165 6754 0.000221912
165 6756 0.000279632
165 6758 0.000245262
165 6759 0.000348431
165 6779 0.000281991
165 6782 0.000173056
165 6788 0.000482625
166 94 0.000531121
166 128 0.00236419
166 129 0.00194837
166 165 0.000773655
166 166 0.00975995
166 171 0.0029405
166 215 0.00259511
166 216 0.00214156
166 264 0.000634704
166 6758 0.000336498
166 6779 0.000374227
167 126 0.000892319
167 130 0.00161111
167 131 0.0026156
167 167 0.0158317
167 168 0.00192909
167 174 0.00240615
167 211 0.00132623
167 212 0.00243926
167 217 0.00286098
167 218 0.00408618
167 266 0.00219607
167 6740 0.000435168
167 6757 0.000376686
167 6760 0.000572682
168 95 0.00154594
168 126 0.0020764
168 127 0.00233822
168 131 0.00270624
168 132 0.00256666
168 163 0.0014728
168 167 0.00192909
168 168 0.021137
168 169 0.00154473
168 175 0.002039
168 212 0.00263206
168 213 0.00252645
168 218 0.00339899
168 219 0.00289197
168 267 0.00203693
169 127 0.000952533
169 132 0.00120058
169 164 0.000574357
169 168 0.00154473
169 169 0.00931434
169 176 0.000939146
169 213 0.00211484
169 214 0.0010218
169 219 0.00268283
169 220 0.00134174
169 268 0.00159894
170 96 0.00171269
170 128 0.00234129
170 133 0.0022407
170 134 0.00311217
170 165 0.00113308
170 170 0.0188662
170 171 0.00203692
170 178 0.0022219
170 215 0.00235795
170 221 0.00246779
170 222 0.00323836
170 270 0.00181509
170 6754 0.000772188
170 6755 0.000513399
170 6756 0.00092091
170 6759 0.000646768
170 6788 0.000768037
171 97 0.00238687
171 128 0.00347885
171 129 0.0045444
171 134 0.00305539
171 135 0.00359711
171 166 0.0029405
171 170 0.00203692
171 171 0.0299599
171 172 0.00321496
171 179 0.00203692
171 215 0.00355286
171 216 0.00484861
171 222 0.00305539
171 223 0.00382731
171 271 0.00236378
172 98 0.00116497
172 129 0.00217048
172 135 0.00382372
