1553
1553
0 0 21.6284524818252
0 1 3.6047420803042
0 2 5.40711312045631
0 3 1.8023710401521
0 4 5.40711312045631
0 5 1.8023710401521
0 9 7.20948416060841
0 21 7.20948416060841
1 0 3.6047420803042
1 1 50.466749442329
1 2 5.407173173468
1 4 9.01191525377221
1 12 3.6047420803042
1 13 10.8142262409126
1 14 3.6047420803042
1 15 7.2095442136201
1 20 3.6047420803042
1 21 7.20954421362011
1 22 10.8144063999477
1 34 3.6048021333159
1 37 7.2095442136201
2 0 5.40711312045631
2 1 5.407173173468
2 2 39.6525712438258
2 3 1.8023710401521
2 9 3.6047420803042
2 16 7.20958024542713
2 17 7.20958024542713
2 18 1.80239506135678
2 19 5.40718518407035
2 21 7.20953820831894
2 22 10.814382378743
2 34 3.60479612801473
3 0 1.8023710401521
3 2 1.8023710401521
3 3 3.6047420803042
3 9 1.8023710401521
4 0 5.40711312045631
4 1 9.01191525377221
4 4 111.748565873737
4 5 9.01191525377221
4 6 5.40711312045631
4 7 9.01185520076051
4 8 12.6167173870881
4 9 9.01194528027806
4 10 9.01200533328976
4 11 7.2095442136201
4 13 10.814346346936
4 20 5.40714314696215
4 21 10.8144064009482
4 22 9.01209541430798
4 23 9.01215546832013
4 24 9.01206538730191
4 25 12.6168074676061
4 27 5.40720319997385
4 37 7.20960426713203
4 38 12.6168975476239
5 0 1.8023710401521
5 4 9.01191525377221
5 5 18.0238305075444
5 6 1.8023710401521
5 7 3.6047420803042
5 9 3.60477210681005
5 10 3.6048021333159
5 11 3.60477210681005
6 4 5.40711312045631
6 5 1.8023710401521
6 6 10.8142262409126
6 7 3.6047420803042
6 8 3.6047420803042
6 20 1.8023710401521
7 4 9.01185520076051
7 5 3.6047420803042
7 6 3.6047420803042
7 7 18.023710401521
7 8 3.6047420803042
7 11 3.6047420803042
7 25 3.6047420803042
8 4 12.6167173870881
8 6 3.6047420803042
8 7 3.6047420803042
8 8 46.8622475740716
8 13 3.6048021333159
8 20 3.60477210681005
8 25 7.20957424012595
8 26 7.2096042666318
8 27 5.40720319997385
8 28 5.40720319997385
8 29 1.80240106665795
8 38 9.01200533328975
8 42 7.2096042666318
9 0 7.20948416060841
9 2 3.6047420803042
9 3 1.8023710401521
9 4 9.01194528027806
9 5 3.60477210681005
9 9 25.2333747211645
9 10 3.6048021333159
9 21 5.40714314696216
9 24 3.6048021333159
10 4 9.01200533328976
10 5 3.6048021333159
10 9 3.6048021333159
10 10 18.0240106665795
10 11 3.6048021333159
10 24 3.6048021333159
10 25 3.6048021333159
11 4 7.2095442136201
11 5 3.60477210681005
11 7 3.6047420803042
11 10 3.6048021333159
11 11 14.4190884272402
11 25 3.60477210681005
12 1 3.6047420803042
12 12 7.20948416060841
12 13 3.6047420803042
12 14 1.8023710401521
12 20 1.8023710401521
13 1 10.8142262409126
13 4 10.814346346936
13 8 3.6048021333159
13 12 3.6047420803042
13 13 54.0716716816683
13 14 3.6047420803042
13 15 3.6047420803042
13 20 5.40714314696215
13 27 5.40720319997385
13 37 7.2095442136201
13 38 10.8144063999477
13 67 7.20960426663179
13 74 1.80240106665795
13 75 7.20960426663179
14 1 3.6047420803042
14 12 1.8023710401521
14 13 3.6047420803042
14 14 7.20948416060841
14 15 1.8023710401521
15 1 7.2095442136201
15 13 3.6047420803042
15 14 1.8023710401521
15 15 43.2578057638281
15 22 9.01200533328975
15 30 3.60486218732804
15 31 3.60486218732804
15 32 3.60486218732804
15 33 9.01215546832011
15 34 7.20966432064394
15 37 5.407173173468
15 67 3.6048021333159
15 68 7.20966432064394
16 2 7.20958024542713
16 16 14.4191604908543
16 17 3.60479012271356
16 18 1.80239506135678
16 19 3.60479012271356
16 21 1.80239506135678
16 22 3.60479012271356
17 2 7.20958024542713
17 16 3.60479012271356
17 17 43.257781741623
17 18 1.80239506135678
17 19 5.40718518407034
17 22 9.0119753067839
17 31 5.40727526478842
17 33 7.20970035305123
17 34 7.20964029923918
17 35 5.40727526478842
17 36 1.80242508826281
17 70 7.20964029923917
17 78 3.60479012271356
18 2 1.80239506135678
18 16 1.80239506135678
18 17 1.80239506135678
18 18 3.60479012271356
19 2 5.40718518407035
19 16 3.60479012271356
19 17 5.40718518407034
19 19 32.4434113734823
19 22 9.01203536059596
19 23 5.40727526478842
19 39 1.80242508826281
19 78 5.40724523788239
19 79 5.40727526478842
19 82 7.20970035305123
20 1 3.6047420803042
20 4 5.40714314696215
20 6 1.8023710401521
20 8 3.60477210681005
20 12 1.8023710401521
20 13 5.40714314696215
20 20 14.4190283742285
21 0 7.20948416060841
21 1 7.20954421362011
21 2 7.20953820831894
21 4 10.8144064009482
21 9 5.40714314696216
21 16 1.80239506135678
21 21 36.0478892185342
21 22 7.20962828833671
21 23 3.60486218732805
21 24 3.60483216032198
22 1 10.8144063999477
22 2 10.814382378743
22 4 9.01209541430798
22 15 9.01200533328975
22 16 3.60479012271356
22 17 9.0119753067839
22 19 9.01203536059596
22 21 7.20962828833671
22 22 133.37791915554
22 23 7.20971836925488
22 34 16.2215255258052
22 37 9.0120653873019
22 38 10.8145865619841
22 67 19.8265198310596
22 68 10.814346346936
22 70 10.8143103153291
22 78 16.2216276172257
22 82 12.6169996394445
22 108 18.0238605342503
23 4 9.01215546832013
23 19 5.40727526478842
23 21 3.60486218732805
23 22 7.20971836925488
23 23 50.4680345901854
23 24 3.60486218732805
23 25 3.60486218732805
23 38 9.01215546832012
23 39 1.80242508826281
23 40 5.40729328099207
23 41 1.80243109366402
23 42 5.40729328099207
23 43 7.20972437465609
23 79 3.60485017652562
23 82 9.01214345751768
24 4 9.01206538730191
24 9 3.6048021333159
24 10 3.6048021333159
24 21 3.60483216032198
24 23 3.60486218732805
24 24 18.0241307746038
24 25 3.60483216032198
25 4 12.6168074676061
25 7 3.6047420803042
25 8 7.20957424012595
25 10 3.6048021333159
25 11 3.60477210681005
25 23 3.60486218732805
25 24 3.60483216032198
25 25 32.443219201844
25 28 1.80240106665795
25 38 5.40723322697993
25 42 3.6048021333159
26 8 7.2096042666318
26 26 32.4432191998431
26 27 3.6048021333159
26 28 3.6048021333159
26 29 1.80240106665795
26 38 10.8144063999477
26 42 5.40720319997385
26 43 7.20960426663179
26 75 7.20960426663179
26 80 1.80240106665795
27 4 5.40720319997385
27 8 5.40720319997385
27 13 5.40720319997385
27 26 3.6048021333159
27 27 21.6288127998954
27 38 9.01200533328975
27 75 3.6048021333159
28 8 5.40720319997385
28 25 1.80240106665795
28 26 3.6048021333159
28 28 10.8144063999477
28 29 1.80240106665795
28 42 3.6048021333159
29 8 1.80240106665795
29 26 1.80240106665795
29 28 1.80240106665795
29 29 3.6048021333159
30 15 3.60486218732804
30 30 7.20972437465609
30 31 1.80243109366402
30 32 1.80243109366402
30 33 3.60486218732804
31 15 3.60486218732804
31 17 5.40727526478842
31 30 1.80243109366402
31 31 18.0242749042329
31 33 7.20971236385366
31 34 3.60485618192683
31 35 3.60485017652562
31 36 1.80242508826281
32 15 3.60486218732804
32 30 1.80243109366402
32 32 25.2337350412356
32 33 7.20966432064394
32 62 5.40720319997385
32 63 5.40720319997385
32 64 1.80240106665795
32 68 5.40723322697992
32 108 7.20960426663179
33 15 9.01215546832011
33 17 7.20970035305123
33 30 3.60486218732804
33 31 7.20971236385366
33 32 7.20966432064394
33 33 72.0965711428254
33 34 14.4193646737952
33 35 10.8144304219527
33 54 1.80239506135678
33 57 3.60479012271355
33 62 5.4071911893715
33 68 9.01209541430796
33 70 9.01206538750198
33 103 5.40718518407033
33 108 14.419244565971
34 1 3.6048021333159
34 2 3.60479612801473
34 15 7.20966432064394
34 17 7.20964029923918
34 22 16.2215255258052
34 31 3.60485618192683
34 33 14.4193646737952
34 34 61.2817803992009
34 68 10.814436427454
34 70 10.8144003955469
34 108 14.4191845130594
35 17 5.40727526478842
35 31 3.60485017652562
35 33 10.8144304219527
35 35 93.7248915034228
35 36 1.80242508826281
35 57 7.20957424012594
35 58 3.60478411741238
35 62 14.4191845124591
35 66 5.40717617611858
35 70 12.6168465022138
35 71 12.6168044646554
35 73 3.60478411741239
35 103 10.8143643628395
35 107 19.8263516805759
35 108 10.8144304219527
35 152 18.0240557078389
36 17 1.80242508826281
36 31 1.80242508826281
36 35 1.80242508826281
36 36 3.60485017652562
37 1 7.2095442136201
37 4 7.20960426713203
37 13 7.2095442136201
37 15 5.407173173468
37 22 9.0120653873019
37 37 32.443219201844
37 38 7.20966432064395
37 67 5.40723322697992
38 4 12.6168975476239
38 8 9.01200533328975
38 13 10.8144063999477
38 22 10.8145865619841
38 23 9.01215546832012
38 25 5.40723322697993
38 26 10.8144063999477
38 27 9.01200533328975
38 37 7.20966432064395
38 38 115.354208754219
38 42 7.20963429363787
38 43 16.2216696544339
38 67 18.0241007480979
38 75 18.0239506135678
38 82 14.4193886953
38 118 14.419208534264
39 19 1.80242508826281
39 23 1.80242508826281
39 39 3.60485017652562
39 79 1.80242508826281
40 23 5.40729328099207
40 40 28.8385972285636
40 41 1.80243109366402
40 42 3.60486218732804
40 43 7.20966432064394
40 82 5.40723322697992
40 83 5.40720319997385
40 84 1.80240106665795
40 115 5.40720319997385
40 118 7.20960426663179
41 23 1.80243109366402
41 40 1.80243109366402
41 41 3.60486218732804
41 42 1.80243109366402
42 8 7.2096042666318
42 23 5.40729328099207
42 25 3.6048021333159
42 26 5.40720319997385
42 28 3.6048021333159
42 38 7.20963429363787
42 40 3.60486218732804
42 41 1.80243109366402
42 42 28.8385972285636
42 43 5.40726325398599
43 23 7.20972437465609
43 26 7.20960426663179
43 38 16.2216696544339
43 40 7.20966432064394
43 42 5.40726325398599
43 43 68.4911804849926
43 75 14.4190884272402
43 80 3.60477210681005
43 81 7.2094841606084
43 82 9.01209541430796
43 115 3.60477210681005
43 116 5.4071131204563
43 118 16.2215195209042
44 44 18.0239205870619
44 45 1.80239205870619
44 46 7.20956823482478
44 47 1.80239205870619
44 48 1.80239205870619
44 50 7.20956823482478
44 55 7.20956823482478
45 44 1.80239205870619
45 45 21.6287047044743
45 46 5.40717617611858
45 49 3.60478411741239
45 50 5.40717617611858
45 51 3.60478411741239
45 52 9.01196029353097
45 56 3.60478411741239
46 44 7.20956823482478
46 45 5.40717617611858
46 46 61.2807895216065
46 47 3.6047540910566
46 50 10.8143523522372
46 52 14.4190163642264
46 55 19.8261324876334
46 56 3.6047540910566
46 57 3.60472406470082
46 58 7.20944812940164
46 59 10.8141721941025
46 60 5.40708609705123
47 44 1.80239205870619
47 46 3.6047540910566
47 47 25.2331585316229
47 53 3.60473006990195
47 54 3.60473006990195
47 55 7.20948416095855
47 57 5.40709210225236
47 98 3.60473006990195
47 103 9.01182517475487
48 44 1.80239205870619
48 48 90.1211403108176
48 50 14.4193466576416
48 55 10.814511494619
48 86 3.6048441711244
48 95 7.20970035305124
48 96 16.2218137835629
48 97 3.60484717382501
48 98 5.40727526478843
48 99 3.60485017652562
48 100 14.4194007061025
48 101 16.2218257943653
48 131 5.40727526478843
48 164 14.4193886953001
48 165 18.0242388718257
49 45 3.60478411741239
49 49 7.20956823482478
49 51 1.80239205870619
49 52 3.60478411741239
49 56 1.80239205870619
50 44 7.20956823482478
50 45 5.40717617611858
50 46 10.8143523522372
50 48 14.4193466576416
50 50 180.240527056286
50 51 7.209568235325
50 52 20.7276287827954
50 55 27.036121095441
50 86 8.11080930496211
50 90 5.4071761766188
50 96 14.4192866044298
50 142 28.8385131541472
50 164 42.356603729474
50 165 17.1229197327731
50 170 27.0360610422292
50 1505 34.2456593054106
51 45 3.60478411741239
51 49 1.80239205870619
51 50 7.209568235325
51 51 82.9109385113669
51 52 13.5180695560724
51 89 5.40727526478843
51 90 8.11081681163859
51 94 10.8144574466584
51 102 5.40727526478843
51 105 3.60485017652562
51 135 18.0241577997096
51 139 12.6169756178397
51 170 14.4193511619426
51 1505 19.826434255643
52 45 9.01196029353097
52 46 14.4190163642264
52 49 3.60478411741239
52 50 20.7276287827954
52 51 13.5180695560724
52 52 113.550999971152
52 55 14.41913647065
52 56 5.4071461497628
52 59 12.6166603371772
52 60 3.60472406470082
52 105 5.40721521097637
52 106 3.60479012271356
52 139 12.6168555102156
52 140 9.01197530678391
52 142 18.0239926513763
52 170 16.2216906733382
52 1505 8.11085434499601
53 47 3.60473006990195
53 53 7.20946013980389
53 54 1.80236503495097
53 98 1.80236503495097
53 103 3.60473006990195
54 33 1.80239506135678
54 47 3.60473006990195
54 53 1.80236503495097
54 54 10.8142502625174
54 57 3.60476009630775
54 103 5.40712513125872
55 44 7.20956823482478
55 46 19.8261324876334
55 47 7.20948416095855
55 48 10.814511494619
55 50 27.036121095441
55 52 14.41913647065
55 55 252.33572898184
55 57 14.4189653193666
55 58 14.4189863378706
55 59 27.035850856238
55 98 7.20958024592735
55 100 14.4192505715723
55 103 21.6286716765685
55 104 19.8264297503415
55 107 25.2334708076339
55 142 34.2457794108338
55 147 41.4554287181248
55 164 28.8385251648496
55 168 23.4312378892587
55 174 19.8264627800482
56 45 3.60478411741239
56 46 3.6047540910566
56 49 1.80239205870619
56 52 5.4071461497628
56 56 10.8142922995256
56 60 1.80236203235041
57 33 3.60479012271355
57 35 7.20957424012594
57 46 3.60472406470082
57 47 5.40709210225236
57 54 3.60476009630775
57 55 14.4189653193666
57 57 50.4665993116005
57 58 7.2095081821132
57 103 16.2214294413366
57 107 14.4190553984839
58 35 3.60478411741238
58 46 7.20944812940164
58 55 14.4189863378706
58 57 7.2095081821132
58 58 57.6761855623287
58 59 16.2214084229326
58 60 3.6047540910566
58 61 7.20956823482476
58 65 5.40717617611857
58 66 5.40717617611857
58 107 16.2214684756442
59 46 10.8141721941025
59 52 12.6166603371772
59 55 27.035850856238
59 58 16.2214084229326
59 59 90.1196149529151
59 60 5.40711612340701
59 61 7.20962828853678
59 65 3.60478411741238
59 106 1.80239506135678
59 107 14.4191965238618
59 140 3.60479012271356
59 142 12.616837494162
59 147 16.2217387163478
59 148 3.6048441711244
60 46 5.40708609705123
60 52 3.60472406470082
60 56 1.80236203235041
60 58 3.6047540910566
60 59 5.40711612340701
60 60 14.4189563115148
60 65 1.80239205870619
61 58 7.20956823482476
61 59 7.20962828853678
61 61 21.6288248118983
61 65 3.60478411741238
61 66 3.60478411741238
61 107 5.40720620297458
61 147 3.6048441711244
61 148 1.8024220855622
62 32 5.40720319997385
62 33 5.4071911893715
62 35 14.4191845124591
62 62 82.9109475161672
62 63 3.6048021333159
62 64 1.80240106665795
62 103 12.6168765290698
62 104 7.20969434765002
62 107 14.419268587776
62 108 10.8144424325551
62 143 3.60485017652562
62 145 9.01211943591283
62 147 18.0242358691251
62 152 18.0241517938582
63 32 5.40720319997385
63 62 3.6048021333159
63 63 36.0479012271356
63 64 1.80240106665795
63 67 3.6047420803042
63 68 3.60477210681005
63 69 5.407173173468
63 108 10.814346346936
63 112 5.40720319997385
63 143 5.40720319997385
63 150 1.80240106665795
63 155 7.20960426663181
64 32 1.80240106665795
64 62 1.80240106665795
64 63 1.80240106665795
64 64 3.6048021333159
65 58 5.40717617611857
65 59 3.60478411741238
65 60 1.80239205870619
65 61 3.60478411741238
65 65 10.8143523522371
65 66 1.80239205870619
66 35 5.40717617611858
66 58 5.40717617611857
66 61 3.60478411741238
66 65 1.80239205870619
66 66 18.0239205870619
66 71 3.60478411741239
66 73 1.80239205870619
66 107 5.40717617611858
67 13 7.20960426663179
67 15 3.6048021333159
67 22 19.8265198310596
67 37 5.40723322697992
67 38 18.0241007480979
67 63 3.6047420803042
67 67 122.562936241678
67 68 7.2095442136201
67 69 10.8142862939243
67 74 5.40714314696215
67 75 12.6167173870881
67 78 10.8144484379563
67 82 19.8265198310596
67 83 10.814346346936
67 108 21.6286506567638
67 110 3.6047420803042
67 116 9.0118552007605
67 118 14.4191484807521
68 15 7.20966432064394
68 22 10.814346346936
68 32 5.40723322697992
68 33 9.01209541430796
68 34 10.814436427454
68 63 3.60477210681005
68 67 7.2095442136201
68 68 46.862427736108
68 108 16.2215495474101
69 63 5.407173173468
69 67 10.8142862939243
69 69 75.70096491166
69 83 14.419298614782
69 108 10.8143763739421
69 110 5.407173173468
69 111 5.40720319997385
69 112 7.20966432064395
69 116 9.01194528027805
69 117 12.6168975476239
69 118 7.20960426713202
69 153 7.2096042666318
69 154 7.2097243746561
69 155 10.8144964809659
70 17 7.20964029923917
70 22 10.8143103153291
70 33 9.01206538750198
70 34 10.8144003955469
70 35 12.6168465022138
70 70 93.7241828789852
70 71 14.4190463910824
70 72 7.20944812940164
70 73 3.6047540910566
70 76 5.40708609705123
70 78 10.8142442573163
70 108 21.6286806844702
70 113 12.6166032870162
70 152 14.4191484812523
71 35 12.6168044646554
71 66 3.60478411741239
71 70 14.4190463910824
71 71 68.4908982348372
71 72 7.20950818211321
71 73 5.4071461497628
71 76 3.60472406470082
71 107 7.20962828853679
71 109 5.4072062029746
71 113 9.01190024081941
71 114 3.60478411741239
71 147 3.60484417112441
71 151 9.01196029353098
71 152 18.0240106681302
72 70 7.20944812940164
72 71 7.20950818211321
72 72 21.6284644936281
72 76 3.60472406470082
72 78 3.60472406470082
72 113 5.40711612340702
72 114 1.8023920587062
72 151 3.60478411741239
73 35 3.60478411741239
73 66 1.80239205870619
73 70 3.6047540910566
73 71 5.4071461497628
73 73 10.8142922995256
73 76 1.80236203235041
74 13 1.80240106665795
74 67 5.40714314696215
74 74 10.8142862939243
74 75 3.60477210681005
74 110 1.8023710401521
74 116 3.6047420803042
75 13 7.20960426663179
75 26 7.20960426663179
75 27 3.6048021333159
75 38 18.0239506135678
75 43 14.4190884272402
75 67 12.6167173870881
75 74 3.60477210681005
75 75 61.2812158952883
75 80 3.60477210681005
75 81 3.6047420803042
75 116 7.2094841606084
75 118 10.8142862939243
76 70 5.40708609705123
76 71 3.60472406470082
76 72 3.60472406470082
76 73 1.80236203235041
76 76 10.8141721941025
76 78 1.80236203235041
77 77 28.8386212507688
77 78 5.40718518407034
77 79 1.80239506135678
77 82 3.60479012271356
77 83 7.20964029923918
77 113 5.4072452378824
77 119 3.60485017652562
77 151 3.60485017652562
77 154 3.60485017652562
77 155 9.01212544131405
78 17 3.60479012271356
78 19 5.40724523788239
78 22 16.2216276172257
78 67 10.8144484379563
78 70 10.8142442573163
78 72 3.60472406470082
78 76 1.80236203235041
78 77 5.40718518407034
78 78 79.3052866196817
78 79 3.60482014961959
78 82 18.0240527054885
78 83 10.8143103153291
78 108 19.8262375799037
78 113 9.01188222496591
79 19 5.40727526478842
79 23 3.60485017652562
79 39 1.80242508826281
79 77 1.80239506135678
79 78 3.60482014961959
79 79 14.4193406522904
79 82 5.40724523788239
80 26 1.80240106665795
80 43 3.60477210681005
80 75 3.60477210681005
80 80 7.20954421362009
80 81 1.8023710401521
81 43 7.2094841606084
81 75 3.6047420803042
81 80 1.8023710401521
81 81 14.4189683212168
81 115 1.8023710401521
81 116 3.6047420803042
81 118 3.6047420803042
82 19 7.20970035305123
82 22 12.6169996394445
82 23 9.01214345751768
82 38 14.4193886953
82 40 5.40723322697992
82 43 9.01209541430796
82 67 19.8265198310596
82 77 3.60479012271356
82 78 18.0240527054885
82 79 5.40724523788239
82 82 93.7253959555241
82 83 12.6167293977905
82 108 10.8143283311325
82 118 12.6168675206178
83 40 5.40720319997385
83 67 10.814346346936
83 69 14.419298614782
83 77 7.20964029923918
83 78 10.8143103153291
83 82 12.6167293977905
83 83 86.5153112593963
83 84 1.80240106665795
83 108 21.6287167161772
83 113 10.8144003955469
83 115 3.6048021333159
83 117 3.60486218732805
83 118 9.01203536029582
83 154 5.40728727559086
83 155 12.6169335801312
84 40 1.80240106665795
84 83 1.80240106665795
84 84 3.6048021333159
84 115 1.80240106665795
85 85 18.023920587062
85 86 7.20956823482478
85 87 1.8023920587062
85 96 7.20956823482478
85 97 1.8023920587062
85 120 7.20956823482478
85 127 1.8023920587062
86 48 3.6048441711244
86 50 8.11080930496211
86 85 7.20956823482478
86 86 68.4908682109825
86 87 5.40717617611859
86 90 8.11073423857242
86 91 12.6166843592322
86 93 3.60478411741239
86 96 17.1227695992434
86 97 3.6048141442684
86 120 15.3202724472915
86 1505 18.0238455234235
87 85 1.8023920587062
87 86 5.40717617611859
87 87 10.8143523522372
87 91 3.60478411741239
87 93 1.8023920587062
87 120 3.60478411741239
88 88 18.0239506135678
88 89 1.80239506135678
88 90 7.20958024542712
88 91 7.20958024542712
88 92 1.80239506135678
88 93 1.80239506135678
88 94 7.20958024542712
89 51 5.40727526478843
89 88 1.80239506135678
89 89 14.4193406522904
89 90 3.60482014961959
89 94 5.4072452378824
89 102 1.80242508826281
89 135 3.60485017652562
90 50 5.4071761766188
90 51 8.11081681163859
90 86 8.11073423857242
90 88 7.20958024542712
90 89 3.60482014961959
90 90 55.8741748435984
90 91 15.3202874604944
90 93 3.60478712006298
90 94 15.3203700335606
90 1505 17.1226900294031
91 86 12.6166843592322
91 87 3.60478411741239
91 88 7.20958024542712
91 90 15.3202874604944
91 91 129.773086998269
91 92 9.01203536059596
91 93 5.40717917876917
91 94 15.3203400064295
91 120 11.7155934228747
91 121 5.40726625668661
91 122 5.40727526478843
91 123 14.4193886953
91 124 7.20970035305124
91 125 3.60484717382501
91 126 12.6168795317704
91 130 16.2216366238769
91 156 18.9253373127587
91 161 7.20968834224881
91 1505 23.4311267918623
92 88 1.80239506135678
92 91 9.01203536059596
92 92 18.0240707211919
92 94 3.60479012271356
92 122 1.80242508826281
92 124 3.60485017652562
92 126 3.60482014961959
92 130 3.60479012271356
93 86 3.60478411741239
93 87 1.8023920587062
93 88 1.80239506135678
93 90 3.60478712006298
93 91 5.40717917876917
93 93 10.8143583575383
94 51 10.8144574466584
94 88 7.20958024542712
94 89 5.4072452378824
94 90 15.3203700335606
94 91 15.3203400064295
94 92 3.60479012271356
94 94 66.6889295530649
94 130 8.11083482724197
94 134 5.40727226208782
94 135 8.1108648543731
94 1505 20.7276392932229
95 48 7.20970035305124
95 95 14.4194007061025
95 96 3.60485017652562
95 97 1.80242508826281
95 99 1.80242508826281
95 101 3.60485017652562
95 131 3.60485017652562
96 48 16.2218137835629
96 50 14.4192866044298
96 85 7.20956823482478
96 86 17.1227695992434
96 95 3.60485017652562
96 96 122.563770988995
96 97 5.40723923253121
96 101 10.8145505295769
96 120 17.1227095452813
96 127 3.60478411741239
96 128 11.7156744944155
96 129 5.40717617611859
96 131 5.40727526478843
96 132 5.40727526478843
96 133 7.20970035305124
96 156 10.8143823790932
96 165 18.9253988691717
96 1505 23.4312018586772
97 48 3.60484717382501
97 85 1.8023920587062
97 86 3.6048141442684
97 95 1.80242508826281
97 96 5.40723923253121
97 97 10.8144784650624
98 47 3.60473006990195
98 48 5.40727526478843
98 53 1.80236503495097
98 55 7.20958024592735
98 98 25.2335909148079
98 99 1.80242508826281
98 100 5.4072452378824
98 101 3.60485017652562
98 103 5.40712513125873
98 104 3.60479012271356
99 48 3.60485017652562
99 95 1.80242508826281
99 98 1.80242508826281
99 99 7.20970035305124
99 101 3.60485017652562
100 48 14.4194007061025
100 55 14.4192505715723
100 98 5.4072452378824
100 100 68.4916729234904
100 101 7.20970035305124
100 104 7.20958024542713
100 133 5.40727526478843
100 136 5.40721521097637
100 141 3.60479012271356
100 164 16.2217357136472
100 165 10.8145505295769
100 168 12.6167654294975
101 48 16.2218257943653
101 95 3.60485017652562
101 96 10.8145505295769
101 98 3.60485017652562
101 99 3.60485017652562
101 100 7.20970035305124
101 101 46.8630522948331
101 131 5.40727526478843
101 132 3.60485017652562
101 133 5.40727526478843
101 165 10.8145505295769
102 51 5.40727526478843
102 89 1.80242508826281
102 102 10.8145505295769
102 105 1.80242508826281
102 135 3.60485017652562
102 139 3.60485017652562
103 33 5.40718518407033
103 35 10.8143643628395
103 47 9.01182517475487
103 53 3.60473006990195
103 54 5.40712513125872
103 55 21.6286716765685
103 57 16.2214294413366
103 62 12.6168765290698
103 98 5.40712513125873
103 103 93.7244411065353
103 104 10.8144544435076
103 107 21.6287557509349
103 147 18.0241187643016
104 55 19.8264297503415
104 62 7.20969434765002
104 98 3.60479012271356
104 100 7.20958024542713
104 103 10.8144544435076
104 104 82.9109775435735
104 141 5.4072452378824
104 145 9.01211943591283
104 146 3.60485017652562
104 147 27.0362382002144
104 168 18.0240947427468
104 177 12.6169696124384
105 51 3.60485017652562
105 52 5.40721521097637
105 102 1.80242508826281
105 105 14.4192805984784
105 106 1.80239506135678
105 139 5.4072452378824
105 140 3.60479012271356
106 52 3.60479012271356
106 59 1.80239506135678
106 105 1.80239506135678
106 106 7.20958024542713
106 140 3.60479012271356
107 35 19.8263516805759
107 55 25.2334708076339
107 57 14.4190553984839
107 58 16.2214684756442
107 59 14.4191965238618
107 61 5.40720620297458
107 62 14.419268587776
107 66 5.40717617611858
107 71 7.20962828853679
107 103 21.6287557509349
107 107 118.958290248793
107 147 21.6289869569308
107 152 12.6168705237186
108 22 18.0238605342503
108 32 7.20960426663179
108 33 14.419244565971
108 34 14.4191845130594
108 35 10.8144304219527
108 62 10.8144424325551
108 63 10.814346346936
108 67 21.6286506567638
108 68 16.2215495474101
108 69 10.8143763739421
108 70 21.6286806844702
108 78 19.8262375799037
108 82 10.8143283311325
108 83 21.6287167161772
108 108 180.239470111074
108 113 16.2214954998996
108 143 7.20961627763432
108 151 7.20958024542713
108 152 16.2216156065233
108 155 14.419244565971
109 71 5.4072062029746
109 109 28.8386332615712
109 114 1.8023920587062
109 147 5.40726625668661
109 149 5.40726625668661
109 151 3.60478411741239
109 152 7.20965831539281
109 175 5.40726625668661
109 176 1.8024220855622
109 177 7.20968834224881
110 67 3.6047420803042
110 69 5.407173173468
110 74 1.8023710401521
110 110 14.4190884272402
110 111 1.80240106665795
110 116 5.40714314696215
110 153 3.6048021333159
111 69 5.40720319997385
111 110 1.80240106665795
111 111 10.8144063999477
111 112 1.80240106665795
111 117 3.6048021333159
111 153 3.6048021333159
112 63 5.40720319997385
112 69 7.20966432064395
112 111 1.80240106665795
112 112 21.6289329079197
112 117 3.60483216032198
112 143 3.6048021333159
112 150 1.80240106665795
112 154 3.60486218732805
112 155 5.40723322697993
113 70 12.6166032870162
113 71 9.01190024081941
113 72 5.40711612340702
113 77 5.4072452378824
113 78 9.01188222496591
113 83 10.8144003955469
113 108 16.2214954998996
113 113 64.8860060219037
113 151 9.01199932838877
113 152 10.8143013074273
113 155 9.012065387502
114 71 3.60478411741239
114 72 1.8023920587062
114 109 1.8023920587062
114 114 7.20956823482479
114 151 3.60478411741239
115 40 5.40720319997385
115 43 3.60477210681005
115 81 1.8023710401521
115 83 3.6048021333159
115 84 1.80240106665795
115 115 14.4191484802519
115 118 5.407173173468
116 43 5.4071131204563
116 67 9.0118552007605
116 69 9.01194528027805
116 74 3.6047420803042
116 75 7.2094841606084
116 81 3.6047420803042
116 110 5.40714314696215
116 116 39.6523430423813
116 117 3.6048021333159
116 118 9.01188522726635
116 153 3.6048021333159
117 69 12.6168975476239
117 83 3.60486218732805
117 111 3.6048021333159
117 112 3.60483216032198
117 116 3.6048021333159
117 117 25.2337950952478
117 118 3.60483216032198
117 153 3.6048021333159
117 154 3.60486218732805
118 38 14.419208534264
118 40 7.20960426663179
118 43 16.2215195209042
118 67 14.4191484807521
118 69 7.20960426713202
118 75 10.8142862939243
118 81 3.6047420803042
118 82 12.6168675206178
118 83 9.01203536029582
118 115 5.407173173468
118 116 9.01188522726635
118 117 3.60483216032198
118 118 75.7006045905884
119 77 3.60485017652562
119 119 7.20970035305124
119 151 1.80242508826281
119 154 1.80242508826281
119 155 3.60485017652562
120 85 7.20956823482478
120 86 15.3202724472915
120 87 3.60478411741239
120 91 11.7155934228747
120 96 17.1227095452813
120 120 61.2813900537244
120 121 1.8024220855622
120 127 3.60478411741239
120 129 3.60478411741239
120 156 9.91321637659609
120 161 3.6048441711244
120 1505 14.4191064447944
121 91 5.40726625668661
121 120 1.8024220855622
121 121 10.8145325133732
121 123 3.6048441711244
121 125 1.8024220855622
121 161 3.6048441711244
122 91 5.40727526478843
122 92 1.80242508826281
122 122 10.8145505295769
122 123 3.60485017652562
122 124 3.60485017652562
122 125 1.80242508826281
123 91 14.4193886953
123 121 3.6048441711244
123 122 3.60485017652562
123 123 61.2818644738175
123 124 7.20964029923918
123 125 3.60484717382501
123 126 10.8144544435076
123 156 16.2216276169256
123 160 3.60478411741239
123 161 5.4072362298306
123 181 7.20957424012595
123 188 3.60479012271356
123 192 12.6167594241963
124 91 7.20970035305124
124 92 3.60485017652562
124 122 3.60485017652562
124 123 7.20964029923918
124 124 21.6289809515296
124 126 5.4072452378824
124 188 1.80239506135678
124 192 3.60479012271356
125 91 3.60484717382501
125 121 1.8024220855622
125 122 1.80242508826281
125 123 3.60484717382501
125 125 7.20969434765002
126 91 12.6168795317704
126 92 3.60482014961959
126 123 10.8144544435076
126 124 5.4072452378824
126 126 50.4670316955858
126 130 9.01190924872115
126 156 18.0238755485537
126 192 9.01190924872115
126 198 7.20945413460277
127 85 1.8023920587062
127 96 3.60478411741239
127 120 3.60478411741239
127 127 7.20956823482478
127 129 1.8023920587062
128 96 11.7156744944155
128 128 63.08403433558
128 129 3.60475409105661
128 132 1.80242508826281
128 133 3.60485017652562
128 156 18.0239055746344
128 158 3.60472406470082
128 162 3.60478411741239
128 165 9.9132944461866
128 194 7.20950818211321
128 200 16.2216186086737
128 1505 15.3205126593884
129 96 5.40717617611859
129 120 3.60478411741239
129 127 1.8023920587062
129 128 3.60475409105661
129 129 32.442997004
129 156 9.0119302671752
129 157 3.60478411741239
129 158 5.4071461497628
129 159 3.60478411741239
129 160 9.01196029353098
129 161 3.60478411741239
130 91 16.2216366238769
130 92 3.60479012271356
130 94 8.11083482724197
130 126 9.01190924872115
130 130 72.0959435821502
130 134 8.11087986735091
130 156 17.1227095447811
130 163 3.60479012271356
130 198 11.7154552998473
130 202 9.01203235769527
130 1505 21.6288773582836
131 48 5.40727526478843
131 95 3.60485017652562
131 96 5.40727526478843
131 101 5.40727526478843
131 131 14.4194007061025
131 132 1.80242508826281
132 96 5.40727526478843
132 101 3.60485017652562
132 128 1.80242508826281
132 131 1.80242508826281
132 132 10.8145505295769
132 133 3.60485017652562
133 96 7.20970035305124
133 100 5.40727526478843
133 101 5.40727526478843
133 128 3.60485017652562
133 132 3.60485017652562
133 133 25.2339512356793
133 136 1.80242508826281
133 164 3.60485017652562
133 165 7.20970035305124
134 94 5.40727226208782
134 130 8.11087986735091
134 134 63.0844727250166
134 135 8.11090989448204
134 137 5.40721521097637
134 139 3.60485017652562
134 163 5.40718518407034
134 167 3.60479012271356
134 169 9.01197530678391
134 170 15.3205351800431
134 202 13.5180800646492
134 1505 17.123015817842
135 51 18.0241577997096
135 89 3.60485017652562
135 94 8.1108648543731
135 102 3.60485017652562
135 134 8.11090989448204
135 135 52.2701353883833
135 139 7.20970035305124
135 170 14.4193526632929
135 1505 15.3205171646148
136 100 5.40721521097637
136 133 1.80242508826281
136 136 10.8144304219528
136 141 1.80239506135678
136 164 3.60482014961959
136 168 3.60479012271356
137 134 5.40721521097637
137 137 28.8383810355206
137 138 3.60479012271356
137 139 5.40721521097637
137 140 3.60479012271356
137 142 9.01197530678391
137 167 1.80239506135678
137 169 3.60479012271356
137 170 7.20961027233316
137 172 3.60479012271356
138 137 3.60479012271356
138 138 7.20958024542713
138 140 1.80239506135678
138 142 3.60479012271356
138 172 1.80239506135678
139 51 12.6169756178397
139 52 12.6168555102156
139 102 3.60485017652562
139 105 5.4072452378824
139 134 3.60485017652562
139 135 7.20970035305124
139 137 5.40721521097637
139 139 54.072392325012
139 140 5.40718518407034
139 142 9.01197530678391
139 170 16.2217357136472
140 52 9.01197530678391
140 59 3.60479012271356
140 105 3.60479012271356
140 106 3.60479012271356
140 137 3.60479012271356
140 138 1.80239506135678
140 139 5.40718518407034
140 140 25.2335308589949
140 142 7.20958024542713
141 100 3.60479012271356
141 104 5.4072452378824
141 136 1.80239506135678
141 141 14.4192805984784
141 146 1.80242508826281
141 168 5.40721521097637
141 177 3.60485017652562
142 50 28.8385131541472
142 52 18.0239926513763
142 55 34.2457794108338
142 59 12.616837494162
142 137 9.01197530678391
142 138 3.60479012271356
142 139 9.01197530678391
142 140 7.20958024542713
142 142 162.216480351796
142 147 19.8265828874722
142 148 3.6048441711244
142 149 7.2096883422488
142 164 28.8384531004352
142 170 27.0359529449073
142 171 5.4072662566866
142 172 9.01202635254416
142 174 19.8264627800482
143 62 3.60485017652562
143 63 5.40720319997385
143 108 7.20961627763432
143 112 3.6048021333159
143 143 43.2579378810542
143 144 3.60485017652562
143 145 5.40727526478843
143 146 3.60485017652562
143 150 1.80240106665795
143 151 3.60479012271356
143 152 9.01209541440802
143 155 5.40719719467269
143 175 3.60485017652562
143 177 9.01212544131405
144 143 3.60485017652562
144 144 7.20970035305124
144 146 1.80242508826281
144 175 1.80242508826281
144 177 3.60485017652562
145 62 9.01211943591283
145 104 9.01211943591283
145 143 5.40727526478843
145 145 43.2581780967026
145 146 3.60485017652562
145 147 14.4193886953
145 152 10.8145445241757
145 177 12.6169696124385
146 104 3.60485017652562
146 141 1.80242508826281
146 143 3.60485017652562
146 144 1.80242508826281
146 145 3.60485017652562
146 146 14.4194007061025
146 177 7.20970035305124
147 55 41.4554287181248
147 59 16.2217387163478
147 61 3.6048441711244
147 62 18.0242358691251
147 71 3.60484417112441
147 103 18.0241187643016
147 104 27.0362382002144
147 107 21.6289869569308
147 109 5.40726625668661
147 142 19.8265828874722
147 145 14.4193886953
147 147 183.846542270942
147 148 5.4072662566866
147 149 9.012110427811
147 152 16.2218077781617
147 168 19.8265648713686
147 171 3.6048441711244
147 174 16.2217387163478
147 177 16.2218077781616
148 59 3.6048441711244
148 61 1.8024220855622
148 142 3.6048441711244
148 147 5.4072662566866
148 148 10.8145325133732
148 171 1.8024220855622
149 109 5.40726625668661
149 142 7.2096883422488
149 147 9.012110427811
149 149 54.0723022445939
149 168 10.8144124059492
149 171 3.6048441711244
149 172 3.6048441711244
149 174 7.2096583153928
149 175 3.60484417112441
149 176 1.8024220855622
149 177 7.2096583153928
149 178 7.20956823482478
149 203 5.40717617611858
149 204 1.80239205870619
149 205 7.20956823482478
150 63 1.80240106665795
150 112 1.80240106665795
150 143 1.80240106665795
150 150 3.6048021333159
151 71 9.01196029353098
151 72 3.60478411741239
151 77 3.60485017652562
151 108 7.20958024542713
151 109 3.60478411741239
151 113 9.01199932838877
151 114 3.60478411741239
151 119 1.80242508826281
151 143 3.60479012271356
151 151 39.6527814309675
151 152 7.20957424012596
151 155 7.20964029923919
152 35 18.0240557078389
152 62 18.0241517938582
152 70 14.4191484812523
152 71 18.0240106681302
152 107 12.6168705237186
152 108 16.2216156065233
152 109 7.20965831539281
152 113 10.8143013074273
152 143 9.01209541440802
152 145 10.8145445241757
152 147 16.2218077781617
152 151 7.20957424012596
152 152 115.354148704209
152 175 3.60484717382501
152 177 10.814541521475
153 69 7.2096042666318
153 110 3.6048021333159
153 111 3.6048021333159
153 116 3.6048021333159
153 117 3.6048021333159
153 153 14.4192085332636
154 69 7.2097243746561
154 77 3.60485017652562
154 83 5.40728727559086
154 112 3.60486218732805
154 117 3.60486218732805
154 119 1.80242508826281
154 154 21.6291491023634
154 155 7.20971236385367
155 63 7.20960426663181
155 69 10.8144964809659
155 77 9.01212544131405
155 83 12.6169335801312
155 108 14.419244565971
155 112 5.40723322697993
155 113 9.012065387502
155 119 3.60485017652562
155 143 5.40719719467269
155 151 7.20964029923919
155 154 7.20971236385367
155 155 61.2820686558581
156 91 18.9253373127587
156 96 10.8143823790932
156 120 9.91321637659609
156 123 16.2216276169256
156 126 18.0238755485537
156 128 18.0239055746344
156 129 9.0119302671752
156 130 17.1227095447811
156 156 284.778945176582
156 158 17.1226524951653
156 160 18.9251781719376
156 161 7.2096282885368
156 181 19.8264282496065
156 192 27.9370694049753
156 194 19.8262405832246
156 198 37.8502692674184
156 200 30.6408316467735
156 202 30.6409997961617
156 1504 63.0839322454101
156 1505 36.0482029951452
157 129 3.60478411741239
157 157 7.20956823482478
157 159 1.8023920587062
157 160 3.60478411741239
157 161 1.8023920587062
158 128 3.60472406470082
158 129 5.4071461497628
158 156 17.1226524951653
158 158 73.8983026147213
158 159 5.4072362298306
158 160 15.3204405958944
158 185 12.61692757475
158 186 3.6048441711244
158 191 8.11084233396348
158 194 9.91308425959018
158 196 5.40717917873916
158 1504 24.3323768685608
159 129 3.60478411741239
159 157 1.8023920587062
159 158 5.4072362298306
159 159 14.4192565770736
159 160 5.40720620297459
159 185 3.6048441711244
159 186 1.8024220855622
160 123 3.60478411741239
160 129 9.01196029353098
160 156 18.9251781719376
160 157 3.60478411741239
160 158 15.3204405958944
160 159 5.40720620297459
160 160 82.9105511633287
160 161 5.40717617611859
160 179 3.6048201496396
160 180 3.6048201496396
160 181 13.5180365264858
160 182 9.012050374099
160 183 3.6048201496396
160 185 11.7156910091488
160 1504 18.0240587110598
161 91 7.20968834224881
161 120 3.6048441711244
161 121 3.6048441711244
161 123 5.4072362298306
161 129 3.60478411741239
161 156 7.2096282885368
161 157 1.8023920587062
161 160 5.40717617611859
161 161 25.2337290367348
162 128 3.60478411741239
162 162 28.8384531004352
162 164 5.40717617611859
162 165 3.60478411741239
162 166 1.8023920587062
162 194 5.4072362298306
162 195 1.8024220855622
162 196 3.6048441711244
162 199 5.40726625668661
162 200 9.01199032038699
162 201 3.60478411741239
163 130 3.60479012271356
163 134 5.40718518407034
163 163 25.2337110204311
163 167 1.80239506135678
163 169 3.60479012271356
163 198 5.4072452378824
163 202 7.20961027233315
163 214 3.60485017652562
163 219 5.40727526478843
163 221 1.80242508826281
164 48 14.4193886953001
164 50 42.356603729474
164 55 28.8385251648496
164 100 16.2217357136472
164 133 3.60485017652562
164 136 3.60482014961959
164 142 28.8384531004352
164 162 5.40717617611859
164 164 192.856965196769
164 165 20.727817951533
164 166 5.40711612340702
164 168 12.6166933661836
164 170 36.0480213362604
164 174 18.0238004816388
164 200 10.8143523522372
164 201 14.4190163642264
164 203 3.60472406470083
164 205 9.01181016175206
164 1505 15.3205426872448
165 48 18.0242388718257
165 50 17.1229197327731
165 96 18.9253988691717
165 100 10.8145505295769
165 101 10.8145505295769
165 128 9.9132944461866
165 133 7.20970035305124
165 162 3.60478411741239
165 164 20.727817951533
165 165 111.749929089308
165 170 10.8145325126229
165 200 16.2216486352796
165 1505 23.4314570849524
166 162 1.8023920587062
166 164 5.40711612340702
166 166 10.814232246814
166 201 3.60475409105661
166 203 1.80236203235041
166 205 3.60472406470083
167 134 3.60479012271356
167 137 1.80239506135678
167 163 1.80239506135678
167 167 7.20958024542713
167 169 3.60479012271356
168 55 23.4312378892587
168 100 12.6167654294975
168 104 18.0240947427468
168 136 3.60479012271356
168 141 5.40721521097637
168 147 19.8265648713686
168 149 10.8144124059492
168 164 12.6166933661836
168 168 97.3296636121338
168 174 14.4191965238618
168 177 9.01208640635621
168 178 3.60478411741239
168 203 5.4071461497628
168 205 7.20950818211321
169 134 9.01197530678391
169 137 3.60479012271356
169 163 3.60479012271356
169 167 3.60479012271356
169 169 64.8862041986432
169 170 10.8142983048268
169 172 5.40708609705124
169 173 1.80236203235041
169 174 7.20944812940165
169 199 10.8145325133732
169 200 7.2096282885368
169 201 9.01196029453143
169 202 9.01202635254417
169 205 5.40708609705124
169 219 3.60484417112441
169 222 3.60484417112441
169 223 3.60484417112441
170 50 27.0360610422292
170 51 14.4193511619426
170 52 16.2216906733382
170 134 15.3205351800431
170 135 14.4193526632929
170 137 7.20961027233316
170 139 16.2217357136472
170 142 27.0359529449073
170 164 36.0480213362604
170 165 10.8145325126229
170 169 10.8142983048268
170 170 196.462193706969
170 172 5.40714915241339
170 174 12.6166243055202
170 200 19.826432752692
170 201 10.8142622731698
170 202 11.7156774965659
170 1505 38.7520027746477
171 142 5.4072662566866
171 147 3.6048441711244
171 148 1.8024220855622
171 149 3.6048441711244
171 171 10.8145325133732
171 172 1.8024220855622
172 137 3.60479012271356
172 138 1.80239506135678
172 142 9.01202635254416
172 149 3.6048441711244
172 169 5.40708609705124
172 170 5.40714915241339
172 171 1.8024220855622
172 172 28.8382248991908
172 173 1.80236203235041
172 174 7.20953820896922
172 205 3.60472406470083
173 169 1.80236203235041
173 172 1.80236203235041
173 173 3.60472406470083
173 205 1.80236203235041
