2511
2511
0 0 94.9964077984138
0 3 9.90551304330729
0 6 10.9791676100136
0 126 3.08757572588907
0 129 13.0040616881582
0 219 9.73755003282852
0 750 12.860672743914
0 1302 3.50317129758693
0 1581 4.56536786967073
0 1584 4.24466297494782
0 1905 10.0996130977041
0 1980 8.71155410216698
0 2229 32.1959027735639
0 2403 19.5997987378695
1 1 94.9964077984138
1 4 9.90551304330729
1 7 10.9791676100136
1 127 3.08757572588907
1 130 13.0040616881582
1 220 9.73755003282852
1 751 12.860672743914
1 1303 3.50317129758693
1 1582 4.56536786967073
1 1585 4.24466297494782
1 1906 10.0996130977041
1 1981 8.71155410216698
1 2230 32.1959027735639
1 2404 19.5997987378695
2 2 94.9964077984138
2 5 9.90551304330729
2 8 10.9791676100136
2 128 3.08757572588907
2 131 13.0040616881582
2 221 9.73755003282852
2 752 12.860672743914
2 1304 3.50317129758693
2 1583 4.56536786967073
2 1586 4.24466297494782
2 1907 10.0996130977041
2 1982 8.71155410216698
2 2231 32.1959027735639
2 2405 19.5997987378695
3 0 9.90551304330729
3 3 105.769862068128
3 6 12.3610500693422
3 1017 11.9936840749146
3 1140 6.11616852464296
3 1902 4.7030480641986
3 1905 17.3453431353216
3 2100 30.4071937889299
3 2229 32.3696159961292
3 2337 27.3778236334134
3 2478 6.0753527719922
4 1 9.90551304330729
4 4 105.769862068128
4 7 12.3610500693422
4 1018 11.9936840749146
4 1141 6.11616852464296
4 1903 4.7030480641986
4 1906 17.3453431353216
4 2101 30.4071937889299
4 2230 32.3696159961292
4 2338 27.3778236334134
4 2479 6.0753527719922
5 2 9.90551304330729
5 5 105.769862068128
5 8 12.3610500693422
5 1019 11.9936840749146
5 1142 6.11616852464296
5 1904 4.7030480641986
5 1907 17.3453431353216
5 2102 30.4071937889299
5 2231 32.3696159961292
5 2339 27.3778236334134
5 2480 6.0753527719922
6 0 10.9791676100136
6 3 12.3610500693422
6 6 91.950964463715
6 1302 3.57166539767146
6 1632 13.2806921301531
6 1902 4.86043957924875
6 2085 22.3132467628495
6 2229 28.3202101092271
6 2337 22.6243477680641
6 2403 19.6156272690026
7 1 10.9791676100136
7 4 12.3610500693422
7 7 91.950964463715
7 1303 3.57166539767146
7 1633 13.2806921301531
7 1903 4.86043957924875
7 2086 22.3132467628495
7 2230 28.3202101092271
7 2338 22.6243477680641
7 2404 19.6156272690026
8 2 10.9791676100136
8 5 12.3610500693422
8 8 91.950964463715
8 1304 3.57166539767146
8 1634 13.2806921301531
8 1904 4.86043957924875
8 2087 22.3132467628495
8 2231 28.3202101092271
8 2339 22.6243477680641
8 2405 19.6156272690026
9 9 77.5611644782494
9 12 11.4345161504412
9 117 4.9254041305305
9 420 5.40821563050625
9 816 4.64347274202
9 906 9.74510776138371
9 1749 9.36382786536679
9 2271 22.3925200004503
9 2304 24.6457264509126
9 2322 23.7829559857627
10 10 77.5611644782494
10 13 11.4345161504412
10 118 4.9254041305305
10 421 5.40821563050625
10 817 4.64347274202
10 907 9.74510776138371
10 1750 9.36382786536679
10 2272 22.3925200004503
10 2305 24.6457264509126
10 2323 23.7829559857627
11 11 77.5611644782494
11 14 11.4345161504412
11 119 4.9254041305305
11 422 5.40821563050625
11 818 4.64347274202
11 908 9.74510776138371
11 1751 9.36382786536679
11 2273 22.3925200004503
11 2306 24.6457264509126
11 2324 23.7829559857627
12 9 11.4345161504412
12 12 102.052976652245
12 117 4.66999150601812
12 453 16.7531004938634
12 816 7.5353705749038
12 1011 7.14889466290925
12 2124 24.8530462161675
12 2304 25.6186630095684
12 2313 22.1687419798209
12 2322 26.6640821835872
12 2400 6.23305820108805
13 10 11.4345161504412
13 13 102.052976652245
13 118 4.66999150601812
13 454 16.7531004938634
13 817 7.5353705749038
13 1012 7.14889466290925
13 2125 24.8530462161675
13 2305 25.6186630095684
13 2314 22.1687419798209
13 2323 26.6640821835872
13 2401 6.23305820108805
14 11 11.4345161504412
14 14 102.052976652245
14 119 4.66999150601812
14 455 16.7531004938634
14 818 7.5353705749038
14 1013 7.14889466290925
14 2126 24.8530462161675
14 2306 25.6186630095684
14 2315 22.1687419798209
14 2324 26.6640821835872
14 2402 6.23305820108805
15 15 48.0128722642867
15 18 4.8839642635714
15 288 5.8915827964344
15 990 6.08234516234573
15 1326 5.87345409581613
15 1329 9.50473200121305
15 1776 8.41935896858457
15 2217 19.1224718685719
15 2274 12.2413992398928
16 16 48.0128722642867
16 19 4.8839642635714
16 289 5.8915827964344
16 991 6.08234516234573
16 1327 5.87345409581613
16 1330 9.50473200121305
16 1777 8.41935896858457
16 2218 19.1224718685719
16 2275 12.2413992398928
17 17 48.0128722642867
17 20 4.8839642635714
17 290 5.8915827964344
17 992 6.08234516234573
17 1328 5.87345409581613
17 1331 9.50473200121305
17 1778 8.41935896858457
17 2219 19.1224718685719
17 2276 12.2413992398928
18 15 4.8839642635714
18 18 57.320238916929
18 1329 7.84814527577235
18 1776 4.6633943155583
18 1794 4.7264345232419
18 1911 7.31309758073081
18 1992 8.52372401820125
18 2133 14.189112749335
18 2274 20.1363954402633
18 2451 13.6960902087193
19 16 4.8839642635714
19 19 57.320238916929
19 1330 7.84814527577235
19 1777 4.6633943155583
19 1795 4.7264345232419
19 1912 7.31309758073081
19 1993 8.52372401820125
19 2134 14.189112749335
19 2275 20.1363954402633
19 2452 13.6960902087193
20 17 4.8839642635714
20 20 57.320238916929
20 1331 7.84814527577235
20 1778 4.6633943155583
20 1796 4.7264345232419
20 1913 7.31309758073081
20 1994 8.52372401820125
20 2135 14.189112749335
20 2276 20.1363954402633
20 2453 13.6960902087193
21 21 63.5169595654444
21 24 6.73417504826532
21 102 4.64760654929648
21 105 11.0098964615469
21 180 6.13070403773484
21 402 7.53073385069863
21 756 10.1187411617312
21 768 8.58398366422965
21 771 7.97830073255748
21 981 5.43042460868034
21 2208 27.1108732334257
22 22 63.5169595654444
22 25 6.73417504826532
22 103 4.64760654929648
22 106 11.0098964615469
22 181 6.13070403773484
22 403 7.53073385069863
22 757 10.1187411617312
22 769 8.58398366422965
22 772 7.97830073255748
22 982 5.43042460868034
22 2209 27.1108732334257
23 23 63.5169595654444
23 26 6.73417504826532
23 104 4.64760654929648
23 107 11.0098964615469
23 182 6.13070403773484
23 404 7.53073385069863
23 758 10.1187411617312
23 770 8.58398366422965
23 773 7.97830073255748
23 983 5.43042460868034
23 2210 27.1108732334257
24 21 6.73417504826532
24 24 57.5241453876211
24 102 2.3716820097025
24 756 15.9252949334283
24 771 12.2309396206286
24 1089 2.5590767839962
24 1854 1.7709208293263
24 1857 5.79418652808746
24 1956 8.37703761981985
24 2208 15.2616126946613
24 2262 15.2612920135158
25 22 6.73417504826532
25 25 57.5241453876211
25 103 2.3716820097025
25 757 15.9252949334283
25 772 12.2309396206286
25 1090 2.5590767839962
25 1855 1.7709208293263
25 1858 5.79418652808746
25 1957 8.37703761981985
25 2209 15.2616126946613
25 2263 15.2612920135158
26 23 6.73417504826532
26 26 57.5241453876211
26 104 2.3716820097025
26 758 15.9252949334283
26 773 12.2309396206286
26 1091 2.5590767839962
26 1856 1.7709208293263
26 1859 5.79418652808746
26 1958 8.37703761981985
26 2210 15.2616126946613
26 2264 15.2612920135158
27 27 13.3449193068967
27 30 5.08507899949833
27 204 3.6846687519031
27 978 4.64458357107333
27 1821 2.027876082375
27 2016 2.98779090154523
27 2043 1.58738065395
28 28 13.3449193068967
28 31 5.08507899949833
28 205 3.6846687519031
28 979 4.64458357107333
28 1822 2.027876082375
28 2017 2.98779090154523
28 2044 1.58738065395
29 29 13.3449193068967
29 32 5.08507899949833
29 206 3.6846687519031
29 980 4.64458357107333
29 1823 2.027876082375
29 2018 2.98779090154523
29 2045 1.58738065395
30 27 5.08507899949833
30 30 51.1469959816495
30 204 11.294936311405
30 291 7.50227872869876
30 978 7.77025961521008
30 1821 4.093984989952
30 1926 7.19392313831874
30 2016 6.69661058001282
30 2268 5.26997762421367
30 2388 5.65665365106213
30 2496 16.1567903341028
31 28 5.08507899949833
31 31 51.1469959816495
31 205 11.294936311405
31 292 7.50227872869876
31 979 7.77025961521008
31 1822 4.093984989952
31 1927 7.19392313831874
31 2017 6.69661058001282
31 2269 5.26997762421367
31 2389 5.65665365106213
31 2497 16.1567903341028
32 29 5.08507899949833
32 32 51.1469959816495
32 206 11.294936311405
32 293 7.50227872869876
32 980 7.77025961521008
32 1823 4.093984989952
32 1928 7.19392313831874
32 2018 6.69661058001282
32 2270 5.26997762421367
32 2390 5.65665365106213
32 2498 16.1567903341028
33 33 25.6083211107759
33 51 2.86598956398597
33 120 4.23358450753204
33 123 4.93538714972735
33 390 3.29297108221138
33 600 3.55272483396488
33 1146 5.10207788839833
33 1740 2.9308602452957
33 2454 11.4988863950482
34 34 25.6083211107759
34 52 2.86598956398597
34 121 4.23358450753204
34 124 4.93538714972735
34 391 3.29297108221138
34 601 3.55272483396488
34 1147 5.10207788839833
34 1741 2.9308602452957
34 2455 11.4988863950482
35 35 25.6083211107759
35 53 2.86598956398597
35 122 4.23358450753204
35 125 4.93538714972735
35 392 3.29297108221138
35 602 3.55272483396488
35 1148 5.10207788839833
35 1742 2.9308602452957
35 2456 11.4988863950482
36 36 70.9159585178853
36 39 4.4333821437008
36 42 7.95389078306193
36 498 11.4759671355428
36 642 4.02254016430307
36 657 6.49233382858084
36 660 2.8649456359601
36 1224 8.23966430399935
36 1971 19.4778013517883
36 2340 22.4003679958092
36 2379 19.0130444340815
37 37 70.9159585178853
37 40 4.4333821437008
37 43 7.95389078306193
37 499 11.4759671355428
37 643 4.02254016430307
37 658 6.49233382858084
37 661 2.8649456359601
37 1225 8.23966430399935
37 1972 19.4778013517883
37 2341 22.4003679958092
37 2380 19.0130444340815
38 38 70.9159585178853
38 41 4.4333821437008
38 44 7.95389078306193
38 500 11.4759671355428
38 644 4.02254016430307
38 659 6.49233382858084
38 662 2.8649456359601
38 1226 8.23966430399935
38 1973 19.4778013517883
38 2342 22.4003679958092
38 2381 19.0130444340815
39 36 4.4333821437008
39 39 11.2358595018016
39 42 2.7705292319624
39 369 1.1845476072
39 498 4.2877202797508
39 660 1.33020947115
39 1971 2.8474005189384
40 37 4.4333821437008
40 40 11.2358595018016
40 43 2.7705292319624
40 370 1.1845476072
40 499 4.2877202797508
40 661 1.33020947115
40 1972 2.8474005189384
41 38 4.4333821437008
41 41 11.2358595018016
41 44 2.7705292319624
41 371 1.1845476072
41 500 4.2877202797508
41 662 1.33020947115
41 1973 2.8474005189384
42 36 7.95389078306193
42 39 2.7705292319624
42 42 65.5214193035627
42 369 4.3552019419312
42 498 17.6835434787944
42 678 8.77153348335714
42 1221 8.58229281821023
42 1224 4.33359161348832
42 1263 6.52456243880607
42 2214 18.2220473666581
42 2340 19.0849357990742
43 37 7.95389078306193
43 40 2.7705292319624
43 43 65.5214193035627
43 370 4.3552019419312
43 499 17.6835434787944
43 679 8.77153348335714
43 1222 8.58229281821023
43 1225 4.33359161348832
43 1264 6.52456243880607
43 2215 18.2220473666581
43 2341 19.0849357990742
44 38 7.95389078306193
44 41 2.7705292319624
44 44 65.5214193035627
44 371 4.3552019419312
44 500 17.6835434787944
44 680 8.77153348335714
44 1223 8.58229281821023
44 1226 4.33359161348832
44 1265 6.52456243880607
44 2216 18.2220473666581
44 2342 19.0849357990742
45 45 96.1058125374199
45 63 4.86717990636823
45 495 9.09565916955934
45 576 5.7410068257384
45 735 11.4092442288412
45 738 15.6253031633519
45 846 9.3915055164245
45 969 14.4725622223184
45 1134 14.6325506660383
45 2289 24.1212138052218
45 2421 23.3955639135304
45 2448 11.4069293887374
46 46 96.1058125374199
46 64 4.86717990636823
46 496 9.09565916955934
46 577 5.7410068257384
46 736 11.4092442288412
46 739 15.6253031633519
46 847 9.3915055164245
46 970 14.4725622223184
46 1135 14.6325506660383
46 2290 24.1212138052218
46 2422 23.3955639135304
46 2449 11.4069293887374
47 47 96.1058125374199
47 65 4.86717990636823
47 497 9.09565916955934
47 578 5.7410068257384
47 737 11.4092442288412
47 740 15.6253031633519
47 848 9.3915055164245
47 971 14.4725622223184
47 1136 14.6325506660383
47 2291 24.1212138052218
47 2423 23.3955639135304
47 2450 11.4069293887374
48 48 13.6234793206488
48 51 2.07589623825
48 861 3.0508583773464
48 945 1.7770360608
48 1710 3.760881282978
48 1713 4.7358434220744
48 1740 5.0347035995244
49 49 13.6234793206488
49 52 2.07589623825
49 862 3.0508583773464
49 946 1.7770360608
49 1711 3.760881282978
49 1714 4.7358434220744
49 1741 5.0347035995244
50 50 13.6234793206488
50 53 2.07589623825
50 863 3.0508583773464
50 947 1.7770360608
50 1712 3.760881282978
50 1715 4.7358434220744
50 1742 5.0347035995244
51 33 2.86598956398597
51 48 2.07589623825
51 51 27.4343903032359
51 120 3.9822660064
51 900 6.55266210182063
51 1710 8.254127907632
51 1740 5.77934472339734
51 2454 11.641298913368
52 34 2.86598956398597
52 49 2.07589623825
52 52 27.4343903032359
52 121 3.9822660064
52 901 6.55266210182063
52 1711 8.254127907632
52 1741 5.77934472339734
52 2455 11.641298913368
53 35 2.86598956398597
53 50 2.07589623825
53 53 27.4343903032359
53 122 3.9822660064
53 902 6.55266210182063
53 1712 8.254127907632
53 1742 5.77934472339734
53 2456 11.641298913368
54 54 38.0465239682854
54 360 9.79717695132365
54 363 7.98050249525157
54 636 4.4106711795436
54 882 5.41898131775162
54 1212 3.7725664238871
54 1236 5.97412425033235
54 1239 3.80710371506745
54 1260 2.96144216689067
54 2469 12.9472174523801
55 55 38.0465239682854
55 361 9.79717695132365
55 364 7.98050249525157
55 637 4.4106711795436
55 883 5.41898131775162
55 1213 3.7725664238871
55 1237 5.97412425033235
55 1240 3.80710371506745
55 1261 2.96144216689067
55 2470 12.9472174523801
56 56 38.0465239682854
56 362 9.79717695132365
56 365 7.98050249525157
56 638 4.4106711795436
56 884 5.41898131775162
56 1214 3.7725664238871
56 1238 5.97412425033235
56 1241 3.80710371506745
56 1262 2.96144216689067
56 2471 12.9472174523801
57 57 58.0773119307764
57 60 7.77575692650436
57 372 8.1731441031863
57 741 7.91086007040135
57 744 5.3420452334173
57 1716 18.429974505961
57 1719 2.80295776380208
57 1722 3.06113785221187
57 2220 18.201761186672
57 2367 15.4183302540084
58 58 58.0773119307764
58 61 7.77575692650436
58 373 8.1731441031863
58 742 7.91086007040135
58 745 5.3420452334173
58 1717 18.429974505961
58 1720 2.80295776380208
58 1723 3.06113785221187
58 2221 18.201761186672
58 2368 15.4183302540084
59 59 58.0773119307764
59 62 7.77575692650436
59 374 8.1731441031863
59 743 7.91086007040135
59 746 5.3420452334173
59 1718 18.429974505961
59 1721 2.80295776380208
59 1724 3.06113785221187
59 2222 18.201761186672
59 2369 15.4183302540084
60 57 7.77575692650436
60 60 48.9798718963198
60 210 14.6129723308013
60 501 2.59264803840075
60 741 4.34300049426527
60 1272 6.89241992955652
60 1293 1.6460962155
60 1716 13.7096259996923
60 1719 4.23706658260283
60 2367 17.6602213271563
61 58 7.77575692650436
61 61 48.9798718963198
61 211 14.6129723308013
61 502 2.59264803840075
61 742 4.34300049426527
61 1273 6.89241992955652
61 1294 1.6460962155
61 1717 13.7096259996923
61 1720 4.23706658260283
61 2368 17.6602213271563
62 59 7.77575692650436
62 62 48.9798718963198
62 212 14.6129723308013
62 503 2.59264803840075
62 743 4.34300049426527
62 1274 6.89241992955652
62 1295 1.6460962155
62 1718 13.7096259996923
62 1721 4.23706658260283
62 2369 17.6602213271563
63 45 4.86717990636823
63 63 36.9371792581318
63 495 4.52709655281392
63 1593 4.35389346361944
63 1935 7.78960334528718
63 2250 11.4102988857189
63 2421 14.1146961654464
63 2448 8.34300056794355
64 46 4.86717990636823
64 64 36.9371792581318
64 496 4.52709655281392
64 1594 4.35389346361944
64 1936 7.78960334528718
64 2251 11.4102988857189
64 2422 14.1146961654464
64 2449 8.34300056794355
65 47 4.86717990636823
65 65 36.9371792581318
65 497 4.52709655281392
65 1595 4.35389346361944
65 1937 7.78960334528718
65 2252 11.4102988857189
65 2423 14.1146961654464
65 2450 8.34300056794355
66 66 73.7605197739793
66 201 5.63283865367557
66 213 9.89929112481316
66 1167 5.78156514611184
66 1323 9.72333683311486
66 1620 8.39295678508992
66 1641 5.82214183799257
66 2196 28.4873031018997
66 2211 18.3386758968864
66 2442 18.5626702813849
67 67 73.7605197739793
67 202 5.63283865367557
67 214 9.89929112481316
67 1168 5.78156514611184
67 1324 9.72333683311486
67 1621 8.39295678508992
67 1642 5.82214183799257
67 2197 28.4873031018997
67 2212 18.3386758968864
67 2443 18.5626702813849
68 68 73.7605197739793
68 203 5.63283865367557
68 215 9.89929112481316
68 1169 5.78156514611184
68 1325 9.72333683311486
68 1622 8.39295678508992
68 1643 5.82214183799257
68 2198 28.4873031018997
68 2213 18.3386758968864
68 2444 18.5626702813849
69 69 33.3714024945943
69 72 4.22593923752917
69 549 6.20297150821951
69 1479 4.51652392769019
69 1521 4.12886363384866
69 1659 3.85835603953955
69 1866 6.64688711270318
69 2190 6.10823678916246
69 2406 14.3693254931988
70 70 33.3714024945943
70 73 4.22593923752917
70 550 6.20297150821951
70 1480 4.51652392769019
70 1522 4.12886363384866
70 1660 3.85835603953955
70 1867 6.64688711270318
70 2191 6.10823678916246
70 2407 14.3693254931988
71 71 33.3714024945943
71 74 4.22593923752917
71 551 6.20297150821951
71 1481 4.51652392769019
71 1523 4.12886363384866
71 1661 3.85835603953955
71 1868 6.64688711270318
71 2192 6.10823678916246
71 2408 14.3693254931988
72 69 4.22593923752917
72 72 37.1426107098841
72 933 3.8396951618018
72 1479 4.49327931460271
72 1578 7.89831556250742
72 1659 6.17971047783192
72 1770 4.2669663410476
72 2328 10.0783997763653
72 2406 14.7316101931402
73 70 4.22593923752917
73 73 37.1426107098841
73 934 3.8396951618018
73 1480 4.49327931460271
73 1579 7.89831556250742
73 1660 6.17971047783192
73 1771 4.2669663410476
73 2329 10.0783997763653
73 2407 14.7316101931402
74 71 4.22593923752917
74 74 37.1426107098841
74 935 3.8396951618018
74 1481 4.49327931460271
74 1580 7.89831556250742
74 1661 6.17971047783192
74 1772 4.2669663410476
74 2330 10.0783997763653
74 2408 14.7316101931402
75 75 38.9101594141997
75 78 3.20522686170518
75 474 6.75555812305362
75 1203 3.28696703199147
75 1341 6.09940748356259
75 2250 10.5848686149807
75 2319 12.6995215840462
75 2445 5.58324406012773
75 2490 10.1504453618321
76 76 38.9101594141997
76 79 3.20522686170518
76 475 6.75555812305362
76 1204 3.28696703199147
76 1342 6.09940748356259
76 2251 10.5848686149807
76 2320 12.6995215840462
76 2446 5.58324406012773
76 2491 10.1504453618321
77 77 38.9101594141997
77 80 3.20522686170518
77 476 6.75555812305362
77 1205 3.28696703199147
77 1343 6.09940748356259
77 2252 10.5848686149807
77 2321 12.6995215840462
77 2447 5.58324406012773
77 2492 10.1504453618321
78 75 3.20522686170518
78 78 34.0870315275676
78 255 4.0200692749508
78 1110 8.19781961781097
78 1203 3.63552964974157
78 1887 6.32405562775131
78 2316 7.77150254145909
78 2319 14.3211721238756
78 2445 3.65517159405682
79 76 3.20522686170518
79 79 34.0870315275676
79 256 4.0200692749508
79 1111 8.19781961781097
79 1204 3.63552964974157
79 1888 6.32405562775131
79 2317 7.77150254145909
79 2320 14.3211721238756
79 2446 3.65517159405682
80 77 3.20522686170518
80 80 34.0870315275676
80 257 4.0200692749508
80 1112 8.19781961781097
80 1205 3.63552964974157
80 1889 6.32405562775131
80 2318 7.77150254145909
80 2321 14.3211721238756
80 2447 3.65517159405682
81 81 83.5387854646535
81 84 4.1592844495051
81 933 5.74669544135951
81 1575 4.1323814777164
81 1578 12.8989048806315
81 1611 6.3358190852508
81 1665 12.1828523536224
81 2187 31.8634128414621
81 2328 22.2597838685705
81 2397 25.7290437988619
82 82 83.5387854646535
82 85 4.1592844495051
82 934 5.74669544135951
82 1576 4.1323814777164
82 1579 12.8989048806315
82 1612 6.3358190852508
82 1666 12.1828523536224
82 2188 31.8634128414621
82 2329 22.2597838685705
82 2398 25.7290437988619
83 83 83.5387854646535
83 86 4.1592844495051
83 935 5.74669544135951
83 1577 4.1323814777164
83 1580 12.8989048806315
83 1613 6.3358190852508
83 1667 12.1828523536224
83 2189 31.8634128414621
83 2330 22.2597838685705
83 2399 25.7290437988619
84 81 4.1592844495051
84 84 37.6502291688736
84 1569 4.3610006153631
84 1572 9.50310975670946
84 1575 4.1767813800253
84 1665 8.1258627191714
84 2331 10.3048295195686
84 2397 15.8444753129674
85 82 4.1592844495051
85 85 37.6502291688736
85 1570 4.3610006153631
85 1573 9.50310975670946
85 1576 4.1767813800253
85 1666 8.1258627191714
85 2332 10.3048295195686
85 2398 15.8444753129674
86 83 4.1592844495051
86 86 37.6502291688736
86 1571 4.3610006153631
86 1574 9.50310975670946
86 1577 4.1767813800253
86 1667 8.1258627191714
86 2333 10.3048295195686
86 2399 15.8444753129674
87 87 51.6752794721709
87 93 8.61280824326605
87 96 3.67988415031416
87 645 4.5655798212488
87 648 3.5804624426078
87 651 9.85988065865516
87 657 7.34226837544702
87 1362 6.83243469810043
87 2001 6.00180346206866
87 2379 16.6941989105103
87 2481 10.343598446038
88 88 51.6752794721709
88 94 8.61280824326605
88 97 3.67988415031416
88 646 4.5655798212488
88 649 3.5804624426078
88 652 9.85988065865516
88 658 7.34226837544702
88 1363 6.83243469810043
88 2002 6.00180346206866
88 2380 16.6941989105103
88 2482 10.343598446038
89 89 51.6752794721709
89 95 8.61280824326605
89 98 3.67988415031416
89 647 4.5655798212488
89 650 3.5804624426078
89 653 9.85988065865516
89 659 7.34226837544702
89 1364 6.83243469810043
89 2003 6.00180346206866
89 2381 16.6941989105103
89 2483 10.343598446038
90 90 94.2021566873508
90 318 10.8732868619278
90 432 11.3400892815872
90 573 13.5744329472207
90 915 4.60504921727033
90 954 15.7792887970414
90 1092 8.07630316031
90 1344 5.63279367923067
90 1614 13.8430001123029
90 2034 8.35831524322665
90 2181 17.4911569915192
90 2307 31.7295187393892
91 91 94.2021566873508
91 319 10.8732868619278
91 433 11.3400892815872
91 574 13.5744329472207
91 916 4.60504921727033
91 955 15.7792887970414
91 1093 8.07630316031
91 1345 5.63279367923067
91 1615 13.8430001123029
91 2035 8.35831524322665
91 2182 17.4911569915192
91 2308 31.7295187393892
92 92 94.2021566873508
92 320 10.8732868619278
92 434 11.3400892815872
92 575 13.5744329472207
92 917 4.60504921727033
92 956 15.7792887970414
92 1094 8.07630316031
92 1346 5.63279367923067
92 1616 13.8430001123029
92 2036 8.35831524322665
92 2183 17.4911569915192
92 2309 31.7295187393892
93 87 8.61280824326605
93 93 48.9323259293782
93 96 3.869489428098
93 477 5.01979189154738
93 1362 11.0686843630594
93 1494 5.98666685407027
93 1977 3.7255911399831
93 1980 3.46976832088048
93 2379 13.4040431549401
93 2403 12.1797805654389
93 2481 6.0618649327837
94 88 8.61280824326605
94 94 48.9323259293782
94 97 3.869489428098
94 478 5.01979189154738
94 1363 11.0686843630594
94 1495 5.98666685407027
94 1978 3.7255911399831
94 1981 3.46976832088048
94 2380 13.4040431549401
94 2404 12.1797805654389
94 2482 6.0618649327837
95 89 8.61280824326605
95 95 48.9323259293782
95 98 3.869489428098
95 479 5.01979189154738
95 1364 11.0686843630594
95 1496 5.98666685407027
95 1979 3.7255911399831
95 1982 3.46976832088048
95 2381 13.4040431549401
95 2405 12.1797805654389
95 2483 6.0618649327837
96 87 3.67988415031416
96 93 3.869489428098
96 96 10.4652736003872
96 477 1.55275264987943
96 645 1.3631473720956
96 1362 2.7990212509014
96 2481 2.4336155492922
97 88 3.67988415031416
97 94 3.869489428098
97 97 10.4652736003872
97 478 1.55275264987943
97 646 1.3631473720956
97 1363 2.7990212509014
97 2482 2.4336155492922
98 89 3.67988415031416
98 95 3.869489428098
98 98 10.4652736003872
98 479 1.55275264987943
98 647 1.3631473720956
98 1364 2.7990212509014
98 2483 2.4336155492922
99 99 6.15142395609914
99 702 1.0297116877125
99 1044 3.07571197804957
99 1227 2.04600029033707
99 1287 0.925249316399999
99 1689 2.15046266164957
100 100 6.15142395609914
100 703 1.0297116877125
100 1045 3.07571197804957
100 1228 2.04600029033707
100 1288 0.925249316399999
100 1690 2.15046266164957
101 101 6.15142395609914
101 704 1.0297116877125
101 1046 3.07571197804957
101 1229 2.04600029033707
101 1289 0.925249316399999
101 1691 2.15046266164957
102 21 4.64760654929648
102 24 2.3716820097025
102 102 14.7556886020247
102 105 5.00616229130985
102 402 3.25697604467413
102 756 4.12086825633821
102 1089 0.972419103942
102 1125 1.75781864777387
103 22 4.64760654929648
103 25 2.3716820097025
103 103 14.7556886020247
103 106 5.00616229130985
103 403 3.25697604467413
103 757 4.12086825633821
103 1090 0.972419103942
103 1126 1.75781864777387
104 23 4.64760654929648
104 26 2.3716820097025
104 104 14.7556886020247
104 107 5.00616229130985
104 404 3.25697604467413
104 758 4.12086825633821
104 1091 0.972419103942
104 1127 1.75781864777387
105 21 11.0098964615469
105 102 5.00616229130985
105 105 55.6146330848709
105 228 6.0740910299628
105 402 12.7958033679055
105 756 8.9374221445671
105 1125 3.49721621510613
105 1368 9.17902904744864
105 1953 5.86057238566605
105 2208 21.0617566837933
106 22 11.0098964615469
106 103 5.00616229130985
106 106 55.6146330848709
106 229 6.0740910299628
106 403 12.7958033679055
106 757 8.9374221445671
106 1126 3.49721621510613
106 1369 9.17902904744864
106 1954 5.86057238566605
106 2209 21.0617566837933
107 23 11.0098964615469
107 104 5.00616229130985
107 107 55.6146330848709
107 230 6.0740910299628
107 404 12.7958033679055
107 758 8.9374221445671
107 1127 3.49721621510613
107 1370 9.17902904744864
107 1955 5.86057238566605
107 2210 21.0617566837933
108 108 16.7837517819625
108 111 2.8160277912
108 186 4.6953204325846
108 330 5.57584809978125
108 780 3.69655545839665
108 783 1.7962501044
108 1245 6.59562578658125
109 109 16.7837517819625
109 112 2.8160277912
109 187 4.6953204325846
109 331 5.57584809978125
109 781 3.69655545839665
109 784 1.7962501044
109 1246 6.59562578658125
110 110 16.7837517819625
110 113 2.8160277912
110 188 4.6953204325846
110 332 5.57584809978125
110 782 3.69655545839665
110 785 1.7962501044
110 1247 6.59562578658125
111 108 2.8160277912
111 111 19.8385244403151
111 114 2.92573575509796
111 186 7.0147647145484
111 381 2.90449750560917
111 1245 5.6056833895596
111 1542 1.3878430755
111 2004 7.10323442895756
112 109 2.8160277912
112 112 19.8385244403151
112 115 2.92573575509796
112 187 7.0147647145484
112 382 2.90449750560917
112 1246 5.6056833895596
112 1543 1.3878430755
112 2005 7.10323442895756
113 110 2.8160277912
113 113 19.8385244403151
113 116 2.92573575509796
113 188 7.0147647145484
113 383 2.90449750560917
113 1247 5.6056833895596
113 1544 1.3878430755
113 2006 7.10323442895756
114 111 2.92573575509796
114 114 32.6448242661884
114 186 5.43802335987226
114 378 9.36773434311276
114 381 4.62125609336692
114 606 1.95958910239425
114 2004 10.8370381282219
114 2298 4.58127829300976
114 2325 9.23658132420672
115 112 2.92573575509796
115 115 32.6448242661884
115 187 5.43802335987226
115 379 9.36773434311276
115 382 4.62125609336692
115 607 1.95958910239425
115 2005 10.8370381282219
115 2299 4.58127829300976
115 2326 9.23658132420672
116 113 2.92573575509796
116 116 32.6448242661884
116 188 5.43802335987226
116 380 9.36773434311276
116 383 4.62125609336692
116 608 1.95958910239425
116 2006 10.8370381282219
116 2300 4.58127829300976
116 2327 9.23658132420672
117 9 4.9254041305305
117 12 4.66999150601812
117 117 28.2779334479574
117 435 4.7833533226935
117 453 4.5633984743466
117 1311 4.6501641191016
117 1749 4.68562189526707
117 2322 14.1389667239787
118 10 4.9254041305305
118 13 4.66999150601812
118 118 28.2779334479574
118 436 4.7833533226935
118 454 4.5633984743466
118 1312 4.6501641191016
118 1750 4.68562189526707
118 2323 14.1389667239787
119 11 4.9254041305305
119 14 4.66999150601812
119 119 28.2779334479574
119 437 4.7833533226935
119 455 4.5633984743466
119 1313 4.6501641191016
119 1751 4.68562189526707
119 2324 14.1389667239787
120 33 4.23358450753204
120 51 3.9822660064
120 120 21.2057173669203
120 123 6.62059267706016
120 900 4.65297442192813
120 1146 3.02157391433978
120 1152 1.716299754
120 2454 7.58128476912038
121 34 4.23358450753204
121 52 3.9822660064
121 121 21.2057173669203
121 124 6.62059267706016
121 901 4.65297442192813
121 1147 3.02157391433978
121 1153 1.716299754
121 2455 7.58128476912038
122 35 4.23358450753204
122 53 3.9822660064
122 122 21.2057173669203
122 125 6.62059267706016
122 902 4.65297442192813
122 1148 3.02157391433978
122 1154 1.716299754
122 2456 7.58128476912038
123 33 4.93538714972735
123 120 6.62059267706016
123 123 98.9518057825007
123 603 11.514678228622
123 900 11.386329534098
123 1077 7.95327926188793
123 1146 23.4383705643659
123 1149 8.91114606123263
123 1152 4.89237734445911
123 2115 29.349009849992
123 2193 20.6619110856906
123 2454 18.7646269166154
124 34 4.93538714972735
124 121 6.62059267706016
124 124 98.9518057825007
124 604 11.514678228622
124 901 11.386329534098
124 1078 7.95327926188793
124 1147 23.4383705643659
124 1150 8.91114606123263
124 1153 4.89237734445911
124 2116 29.349009849992
124 2194 20.6619110856906
124 2455 18.7646269166154
125 35 4.93538714972735
125 122 6.62059267706016
125 125 98.9518057825007
125 605 11.514678228622
125 902 11.386329534098
125 1079 7.95327926188793
125 1148 23.4383705643659
125 1151 8.91114606123263
125 1154 4.89237734445911
125 2117 29.349009849992
125 2195 20.6619110856906
125 2456 18.7646269166154
126 0 3.08757572588907
126 126 11.9354139495275
126 129 4.57274292002773
126 219 4.264812707568
126 1389 1.394964054736
126 1515 2.88013124887467
126 1584 1.70289426719573
127 1 3.08757572588907
127 127 11.9354139495275
127 130 4.57274292002773
127 220 4.264812707568
127 1390 1.394964054736
127 1516 2.88013124887467
127 1585 1.70289426719573
128 2 3.08757572588907
128 128 11.9354139495275
128 131 4.57274292002773
128 221 4.264812707568
128 1391 1.394964054736
128 1517 2.88013124887467
128 1586 1.70289426719573
129 0 13.0040616881582
129 126 4.57274292002773
129 129 58.8348560439896
129 219 15.266960091016
129 750 5.99755971315847
129 1515 8.71988171660198
129 1584 3.18543979426347
129 1980 2.82485669426987
129 2037 4.4354776596999
129 2229 19.7525823087908
129 2376 10.4927214799981
130 1 13.0040616881582
130 127 4.57274292002773
130 130 58.8348560439896
130 220 15.266960091016
130 751 5.99755971315847
130 1516 8.71988171660198
130 1585 3.18543979426347
130 1981 2.82485669426987
130 2038 4.4354776596999
130 2230 19.7525823087908
130 2377 10.4927214799981
131 2 13.0040616881582
131 128 4.57274292002773
131 131 58.8348560439896
131 221 15.266960091016
131 752 5.99755971315847
131 1517 8.71988171660198
131 1586 3.18543979426347
131 1982 2.82485669426987
131 2039 4.4354776596999
131 2231 19.7525823087908
131 2378 10.4927214799981
132 132 32.3741138279596
132 555 3.7821113326276
132 558 7.550153961115
132 1167 7.24189618374254
132 1242 3.95218636006933
132 1323 4.10235569480067
132 2226 8.30258988655152
132 2439 13.6298773230327
133 133 32.3741138279596
133 556 3.7821113326276
133 559 7.550153961115
133 1168 7.24189618374254
133 1243 3.95218636006933
133 1324 4.10235569480067
133 2227 8.30258988655152
133 2440 13.6298773230327
134 134 32.3741138279596
134 557 3.7821113326276
134 560 7.550153961115
134 1169 7.24189618374254
134 1244 3.95218636006933
134 1325 4.10235569480067
134 2228 8.30258988655152
134 2441 13.6298773230327
135 135 117.789017891843
135 207 4.84443882075183
135 498 10.2228751734515
135 678 4.294738345105
135 843 17.9396498674613
135 1626 12.8076203799584
135 1779 7.09031013540335
135 2214 35.987409126979
135 2235 23.163261473461
135 2337 38.5503465665078
135 2340 21.7828769486853
136 136 117.789017891843
136 208 4.84443882075183
136 499 10.2228751734515
136 679 4.294738345105
136 844 17.9396498674613
136 1627 12.8076203799584
136 1780 7.09031013540335
136 2215 35.987409126979
136 2236 23.163261473461
136 2338 38.5503465665078
136 2341 21.7828769486853
137 137 117.789017891843
137 209 4.84443882075183
137 500 10.2228751734515
137 680 4.294738345105
137 845 17.9396498674613
137 1628 12.8076203799584
137 1781 7.09031013540335
137 2216 35.987409126979
137 2237 23.163261473461
137 2339 38.5503465665078
137 2342 21.7828769486853
138 138 39.8950996920202
138 225 5.81035254620175
138 675 4.19449890718641
138 765 5.38714149494903
138 1284 7.4121116123121
138 1446 6.72573264731161
138 1650 4.42936990127468
138 1731 8.75005580485933
138 2040 3.83519623906473
138 2418 13.2981903848707
139 139 39.8950996920202
139 226 5.81035254620175
139 676 4.19449890718641
139 766 5.38714149494903
139 1285 7.4121116123121
139 1447 6.72573264731161
139 1651 4.42936990127468
139 1732 8.75005580485933
139 2041 3.83519623906473
139 2419 13.2981903848707
140 140 39.8950996920202
140 227 5.81035254620175
140 677 4.19449890718641
140 767 5.38714149494903
140 1286 7.4121116123121
140 1448 6.72573264731161
140 1652 4.42936990127468
140 1733 8.75005580485933
140 2042 3.83519623906473
140 2420 13.2981903848707
141 141 22.5850223264952
141 1236 4.32373196101319
141 1476 5.88925993718393
141 1539 2.1728015484425
141 2349 1.55797028982875
141 2376 5.96971693949213
141 2463 3.14999267531298
141 2466 5.40325122606367
141 2478 5.41080891240567
142 142 22.5850223264952
142 1237 4.32373196101319
142 1477 5.88925993718393
142 1540 2.1728015484425
142 2350 1.55797028982875
142 2377 5.96971693949213
142 2464 3.14999267531298
142 2467 5.40325122606367
142 2479 5.41080891240567
143 143 22.5850223264952
143 1238 4.32373196101319
143 1478 5.88925993718393
143 1541 2.1728015484425
143 2351 1.55797028982875
143 2378 5.96971693949213
143 2465 3.14999267531298
143 2468 5.40325122606367
143 2480 5.41080891240567
144 144 61.4207527874267
144 225 12.5939711947908
144 666 12.8271035018638
144 675 6.74952749244024
144 1227 5.28022929004587
144 1335 5.28930169705867
144 1458 5.6727692798648
144 2247 23.9608489012731
144 2418 19.7573778238027
145 145 61.4207527874267
145 226 12.5939711947908
145 667 12.8271035018638
145 676 6.74952749244024
145 1228 5.28022929004587
145 1336 5.28930169705867
145 1459 5.6727692798648
145 2248 23.9608489012731
145 2419 19.7573778238027
146 146 61.4207527874267
146 227 12.5939711947908
146 668 12.8271035018638
146 677 6.74952749244024
146 1229 5.28022929004587
146 1337 5.28930169705867
146 1460 5.6727692798648
146 2249 23.9608489012731
146 2420 19.7573778238027
147 147 82.8415752929553
147 342 6.88627893519097
147 627 6.65832926183193
147 987 3.06862710424579
147 1491 11.4394482185188
147 1653 8.21513924517886
147 2121 10.1041943059735
147 2172 21.3616873010674
147 2226 18.8421887012715
147 2427 15.9202696833742
147 2439 21.76620018278
148 148 82.8415752929553
148 343 6.88627893519097
148 628 6.65832926183193
148 988 3.06862710424579
148 1492 11.4394482185188
148 1654 8.21513924517886
148 2122 10.1041943059735
148 2173 21.3616873010674
148 2227 18.8421887012715
148 2428 15.9202696833742
148 2440 21.76620018278
149 149 82.8415752929553
149 344 6.88627893519097
149 629 6.65832926183193
149 989 3.06862710424579
149 1493 11.4394482185188
149 1655 8.21513924517886
149 2123 10.1041943059735
149 2174 21.3616873010674
149 2228 18.8421887012715
149 2429 15.9202696833742
149 2441 21.76620018278
150 150 49.166174513535
150 153 4.3077676085555
150 156 3.09861271027208
150 402 10.8987276876642
150 837 2.91059468815905
150 981 5.82547014648344
150 1014 12.2754824144428
150 1320 15.659004400012
150 1680 3.21053253913492
150 2208 15.5630695755786
151 151 49.166174513535
151 154 4.3077676085555
151 157 3.09861271027208
151 403 10.8987276876642
151 838 2.91059468815905
151 982 5.82547014648344
151 1015 12.2754824144428
151 1321 15.659004400012
151 1681 3.21053253913492
151 2209 15.5630695755786
152 152 49.166174513535
152 155 4.3077676085555
152 158 3.09861271027208
152 404 10.8987276876642
152 839 2.91059468815905
152 983 5.82547014648344
152 1016 12.2754824144428
152 1322 15.659004400012
152 1682 3.21053253913492
152 2210 15.5630695755786
153 150 4.3077676085555
153 153 10.867741902511
153 156 1.481382747
153 837 2.5349804973605
153 1014 2.898890453895
153 1320 3.9524882042555
153 1692 1.1261033427
154 151 4.3077676085555
154 154 10.867741902511
154 157 1.481382747
154 838 2.5349804973605
154 1015 2.898890453895
154 1321 3.9524882042555
154 1693 1.1261033427
155 152 4.3077676085555
155 155 10.867741902511
155 158 1.481382747
155 839 2.5349804973605
155 1016 2.898890453895
155 1322 3.9524882042555
155 1694 1.1261033427
156 150 3.09861271027208
156 153 1.481382747
156 156 12.4961648351445
156 399 1.49251557375
156 1014 4.75556684382225
156 1317 3.14946970730016
156 1680 4.76669967057225
157 151 3.09861271027208
157 154 1.481382747
157 157 12.4961648351445
157 400 1.49251557375
157 1015 4.75556684382225
157 1318 3.14946970730016
157 1681 4.76669967057225
158 152 3.09861271027208
158 155 1.481382747
158 158 12.4961648351445
158 401 1.49251557375
158 1016 4.75556684382225
158 1319 3.14946970730016
158 1682 4.76669967057225
159 159 0.4585592088
159 999 0.2292796044
159 2160 0.2292796044
159 2223 0.2292796044
160 160 0.4585592088
160 1000 0.2292796044
160 2161 0.2292796044
160 2224 0.2292796044
161 161 0.4585592088
161 1001 0.2292796044
161 2162 0.2292796044
161 2225 0.2292796044
162 162 33.4741699386426
162 168 8.51000978641792
162 948 5.02219925101987
162 1068 2.5459798453056
162 1194 6.80721604891393
162 1449 2.829379147308
162 2385 7.91970256248692
162 2436 4.85412722591516
162 2505 11.7226410405965
163 163 33.4741699386426
163 169 8.51000978641792
163 949 5.02219925101987
163 1069 2.5459798453056
163 1195 6.80721604891393
163 1450 2.829379147308
163 2386 7.91970256248692
163 2437 4.85412722591516
163 2506 11.7226410405965
164 164 33.4741699386426
164 170 8.51000978641792
164 950 5.02219925101987
164 1070 2.5459798453056
164 1196 6.80721604891393
164 1451 2.829379147308
164 2387 7.91970256248692
164 2438 4.85412722591516
164 2507 11.7226410405965
165 165 70.8474134608366
165 168 11.5626417162116
165 303 7.74453143819142
165 327 11.4554897819445
165 1194 6.313303354938
165 1200 4.3729538548296
165 1713 7.16855667655875
165 2127 16.0120233692814
165 2385 20.2757480620108
165 2394 21.3658719372889
166 166 70.8474134608366
166 169 11.5626417162116
166 304 7.74453143819142
166 328 11.4554897819445
166 1195 6.313303354938
166 1201 4.3729538548296
166 1714 7.16855667655875
166 2128 16.0120233692814
166 2386 20.2757480620108
166 2395 21.3658719372889
167 167 70.8474134608366
167 170 11.5626417162116
167 305 7.74453143819142
167 329 11.4554897819445
167 1196 6.313303354938
167 1202 4.3729538548296
167 1715 7.16855667655875
167 2129 16.0120233692814
167 2387 20.2757480620108
167 2396 21.3658719372889
168 162 8.51000978641792
168 165 11.5626417162116
168 168 100.0679379071
168 948 5.47854816371225
168 1194 6.85521351455867
168 1710 13.3375793198046
168 1713 5.96382498348083
168 2151 19.3890829258408
168 2385 29.8575951592705
168 2394 19.2877470846948
168 2436 21.3612465051101
168 2505 8.49841770154841
169 163 8.51000978641792
169 166 11.5626417162116
169 169 100.0679379071
169 949 5.47854816371225
169 1195 6.85521351455867
