1221
1221
0 0 0.385802422833333
0 3 0.154320969133333
0 6 0.0385802422833333
0 9 0.0385802422833333
0 486 0.154320969133333
0 672 0.154320969133333
0 675 0.0385802422833333
1 1 0.385802422833333
1 4 0.154320969133333
1 7 0.0385802422833333
1 10 0.0385802422833333
1 487 0.154320969133333
1 673 0.154320969133333
1 676 0.0385802422833333
2 2 0.385802422833333
2 5 0.154320969133333
2 8 0.0385802422833333
2 11 0.0385802422833333
2 488 0.154320969133333
2 674 0.154320969133333
2 677 0.0385802422833333
3 0 0.154320969133333
3 3 1.70073499453867
3 6 0.11574072685
3 9 0.115787041666667
3 12 0.15675087598975
3 15 0.0772067993833333
3 27 0.162351182215917
3 30 0.0771604845666667
3 33 0.104500583993167
3 486 0.305400664586
3 492 0.247604567678
3 672 0.311000970812167
3 678 0.258782022722
3 1185 0.464495602211
4 1 0.154320969133333
4 4 1.70073499453867
4 7 0.11574072685
4 10 0.115787041666667
4 13 0.15675087598975
4 16 0.0772067993833333
4 28 0.162351182215917
4 31 0.0771604845666667
4 34 0.104500583993167
4 487 0.305400664586
4 493 0.247604567678
4 673 0.311000970812167
4 679 0.258782022722
4 1186 0.464495602211
5 2 0.154320969133333
5 5 1.70073499453867
5 8 0.11574072685
5 11 0.115787041666667
5 14 0.15675087598975
5 17 0.0772067993833333
5 29 0.162351182215917
5 32 0.0771604845666667
5 35 0.104500583993167
5 488 0.305400664586
5 494 0.247604567678
5 674 0.311000970812167
5 680 0.258782022722
5 1187 0.464495602211
6 0 0.0385802422833333
6 3 0.11574072685
6 6 0.2314814537
6 30 0.0385802422833334
6 672 0.0771604845666667
6 678 0.0771604845666667
7 1 0.0385802422833333
7 4 0.11574072685
7 7 0.2314814537
7 31 0.0385802422833334
7 673 0.0771604845666667
7 679 0.0771604845666667
8 2 0.0385802422833333
8 5 0.11574072685
8 8 0.2314814537
8 32 0.0385802422833334
8 674 0.0771604845666667
8 680 0.0771604845666667
9 0 0.0385802422833333
9 3 0.115787041666667
9 9 0.231574083333333
9 15 0.0386033996916667
9 486 0.077183641975
9 492 0.0772067993833333
10 1 0.0385802422833333
10 4 0.115787041666667
10 10 0.231574083333333
10 16 0.0386033996916667
10 487 0.077183641975
10 493 0.0772067993833333
11 2 0.0385802422833333
11 5 0.115787041666667
11 11 0.231574083333333
11 17 0.0386033996916667
11 488 0.077183641975
11 494 0.0772067993833333
12 3 0.15675087598975
12 12 1.01771205532183
12 15 0.115810199075
12 18 0.0772067993833333
12 33 0.104500583993167
12 36 0.15675087598975
12 54 0.104500583993167
12 462 0.247604567678
12 492 0.209001167986333
12 1185 0.35444242889425
13 4 0.15675087598975
13 13 1.01771205532183
13 16 0.115810199075
13 19 0.0772067993833333
13 34 0.104500583993167
13 37 0.15675087598975
13 55 0.104500583993167
13 463 0.247604567678
13 493 0.209001167986333
13 1186 0.35444242889425
14 5 0.15675087598975
14 14 1.01771205532183
14 17 0.115810199075
14 20 0.0772067993833333
14 35 0.104500583993167
14 38 0.15675087598975
14 56 0.104500583993167
14 464 0.247604567678
14 494 0.209001167986333
14 1187 0.35444242889425
15 3 0.0772067993833333
15 9 0.0386033996916667
15 12 0.115810199075
15 15 0.308827197533333
15 18 0.0386033996916667
15 462 0.0772067993833333
15 492 0.115810199075
16 4 0.0772067993833333
16 10 0.0386033996916667
16 13 0.115810199075
16 16 0.308827197533333
16 19 0.0386033996916667
16 463 0.0772067993833333
16 493 0.115810199075
17 5 0.0772067993833333
17 11 0.0386033996916667
17 14 0.115810199075
17 17 0.308827197533333
17 20 0.0386033996916667
17 464 0.0772067993833333
17 494 0.115810199075
18 12 0.0772067993833333
18 15 0.0386033996916667
18 18 0.385895052466667
18 36 0.115763884258333
18 42 0.0771604845666666
18 462 0.115787041666667
18 465 0.0385802422833333
18 495 0.11574072685
19 13 0.0772067993833333
19 16 0.0386033996916667
19 19 0.385895052466667
19 37 0.115763884258333
19 43 0.0771604845666666
19 463 0.115787041666667
19 466 0.0385802422833333
19 496 0.11574072685
20 14 0.0772067993833333
20 17 0.0386033996916667
20 20 0.385895052466667
20 38 0.115763884258333
20 44 0.0771604845666666
20 464 0.115787041666667
20 467 0.0385802422833333
20 497 0.11574072685
21 21 1.848797630589
21 24 0.154413598766667
21 39 0.149148530408
21 42 0.1775057032085
21 60 0.0994323536053334
21 465 0.115810199075
21 468 0.115810199075
21 471 0.0772067993833333
21 474 0.382502028997667
21 477 0.154413598766667
21 495 0.255579052811667
21 885 0.0772067993833334
21 900 0.276938056813833
21 906 0.237468106902333
21 1215 0.499761418686167
22 22 1.848797630589
22 25 0.154413598766667
22 40 0.149148530408
22 43 0.1775057032085
22 61 0.0994323536053334
22 466 0.115810199075
22 469 0.115810199075
22 472 0.0772067993833333
22 475 0.382502028997667
22 478 0.154413598766667
22 496 0.255579052811667
22 886 0.0772067993833334
22 901 0.276938056813833
22 907 0.237468106902333
22 1216 0.499761418686167
23 23 1.848797630589
23 26 0.154413598766667
23 41 0.149148530408
23 44 0.1775057032085
23 62 0.0994323536053334
23 467 0.115810199075
23 470 0.115810199075
23 473 0.0772067993833333
23 476 0.382502028997667
23 479 0.154413598766667
23 497 0.255579052811667
23 887 0.0772067993833334
23 902 0.276938056813833
23 908 0.237468106902333
23 1217 0.499761418686167
24 21 0.154413598766667
24 24 0.308827197533333
24 468 0.0386033996916667
24 477 0.0772067993833333
24 885 0.0386033996916667
24 900 0.0772067993833333
24 906 0.0772067993833334
25 22 0.154413598766667
25 25 0.308827197533333
25 469 0.0386033996916667
25 478 0.0772067993833333
25 886 0.0386033996916667
25 901 0.0772067993833333
25 907 0.0772067993833334
26 23 0.154413598766667
26 26 0.308827197533333
26 470 0.0386033996916667
26 479 0.0772067993833333
26 887 0.0386033996916667
26 902 0.0772067993833333
26 908 0.0772067993833334
27 3 0.162351182215917
27 27 1.05126757786217
27 30 0.11574072685
27 33 0.104500583993167
27 45 0.0771604845666667
27 48 0.162351182215917
27 51 0.104500583993167
27 678 0.220201780438667
27 720 0.258782022722
27 1185 0.37131281979775
28 4 0.162351182215917
28 28 1.05126757786217
28 31 0.11574072685
28 34 0.104500583993167
28 46 0.0771604845666667
28 49 0.162351182215917
28 52 0.104500583993167
28 679 0.220201780438667
28 721 0.258782022722
28 1186 0.37131281979775
29 5 0.162351182215917
29 29 1.05126757786217
29 32 0.11574072685
29 35 0.104500583993167
29 47 0.0771604845666667
29 50 0.162351182215917
29 53 0.104500583993167
29 680 0.220201780438667
29 722 0.258782022722
29 1187 0.37131281979775
30 3 0.0771604845666667
30 6 0.0385802422833334
30 27 0.11574072685
30 30 0.308641938266667
30 45 0.0385802422833333
30 678 0.11574072685
30 720 0.0771604845666667
31 4 0.0771604845666667
31 7 0.0385802422833334
31 28 0.11574072685
31 31 0.308641938266667
31 46 0.0385802422833333
31 679 0.11574072685
31 721 0.0771604845666667
32 5 0.0771604845666667
32 8 0.0385802422833334
32 29 0.11574072685
32 32 0.308641938266667
32 47 0.0385802422833333
32 680 0.11574072685
32 722 0.0771604845666667
33 3 0.104500583993167
33 12 0.104500583993167
33 27 0.104500583993167
33 33 1.18253779782307
33 51 0.209371961191257
33 54 0.27739635372711
33 75 0.103296398759833
33 1098 0.278971332165367
33 1185 0.332407984794965
33 1194 0.258860914116568
34 4 0.104500583993167
34 13 0.104500583993167
34 28 0.104500583993167
34 34 1.18253779782307
34 52 0.209371961191257
34 55 0.27739635372711
34 76 0.103296398759833
34 1099 0.278971332165367
34 1186 0.332407984794965
34 1195 0.258860914116568
35 5 0.104500583993167
35 14 0.104500583993167
35 29 0.104500583993167
35 35 1.18253779782307
35 53 0.209371961191257
35 56 0.27739635372711
35 77 0.103296398759833
35 1100 0.278971332165367
35 1187 0.332407984794965
35 1196 0.258860914116568
36 12 0.15675087598975
36 18 0.115763884258333
36 36 1.62256292616792
36 42 0.1866369557605
36 54 0.233946576000875
36 60 0.124424637173667
36 462 0.390697931322583
36 495 0.248849274347333
36 1143 0.577370102527542
36 1185 0.399404151871292
37 13 0.15675087598975
37 19 0.115763884258333
37 37 1.62256292616792
37 43 0.1866369557605
37 55 0.233946576000875
37 61 0.124424637173667
37 463 0.390697931322583
37 496 0.248849274347333
37 1144 0.577370102527542
37 1186 0.399404151871292
38 14 0.15675087598975
38 20 0.115763884258333
38 38 1.62256292616792
38 44 0.1866369557605
38 56 0.233946576000875
38 62 0.124424637173667
38 464 0.390697931322583
38 497 0.248849274347333
38 1145 0.577370102527542
38 1187 0.399404151871292
39 21 0.149148530408
39 39 0.972097981831333
39 57 0.0994323536053333
39 60 0.0994323536053334
39 63 0.149148530408
39 66 0.115810199075
39 885 0.0772067993833333
39 906 0.237468106902333
39 912 0.198864707210667
39 1215 0.331635392149
40 22 0.149148530408
40 40 0.972097981831333
40 58 0.0994323536053333
40 61 0.0994323536053334
40 64 0.149148530408
40 67 0.115810199075
40 886 0.0772067993833333
40 907 0.237468106902333
40 913 0.198864707210667
40 1216 0.331635392149
41 23 0.149148530408
41 41 0.972097981831333
41 59 0.0994323536053333
41 62 0.0994323536053334
41 65 0.149148530408
41 68 0.115810199075
41 887 0.0772067993833333
41 908 0.237468106902333
41 914 0.198864707210667
41 1217 0.331635392149
42 18 0.0771604845666666
42 21 0.1775057032085
42 36 0.1866369557605
42 42 1.15526248322872
42 60 0.181101496434453
42 465 0.077183641975
42 495 0.396529745179907
42 1143 0.322965053839193
42 1215 0.31381064387886
43 19 0.0771604845666666
43 22 0.1775057032085
43 37 0.1866369557605
43 43 1.15526248322872
43 61 0.181101496434453
43 466 0.077183641975
43 496 0.396529745179907
43 1144 0.322965053839193
43 1216 0.31381064387886
44 20 0.0771604845666666
44 23 0.1775057032085
44 38 0.1866369557605
44 44 1.15526248322872
44 62 0.181101496434453
44 467 0.077183641975
44 497 0.396529745179907
44 1145 0.322965053839193
44 1217 0.31381064387886
45 27 0.0771604845666667
45 30 0.0385802422833333
45 45 0.385663561733333
45 48 0.115694439816667
45 69 0.0771141975333334
45 681 0.1156712963
45 684 0.0385570987666667
45 720 0.115717583333333
46 28 0.0771604845666667
46 31 0.0385802422833333
46 46 0.385663561733333
46 49 0.115694439816667
46 70 0.0771141975333334
46 682 0.1156712963
46 685 0.0385570987666667
46 721 0.115717583333333
47 29 0.0771604845666667
47 32 0.0385802422833333
47 47 0.385663561733333
47 50 0.115694439816667
47 71 0.0771141975333334
47 683 0.1156712963
47 686 0.0385570987666667
47 722 0.115717583333333
48 27 0.162351182215917
48 45 0.115694439816667
48 48 2.71464284246722
48 51 0.335736068434152
48 69 0.198849131574333
48 93 0.132594761427333
48 681 0.265103501721333
48 720 0.6401444227278
48 1098 0.752979349879071
48 1137 0.778578376594119
48 1185 0.396898778822535
48 1194 0.293034250487578
49 28 0.162351182215917
49 46 0.115694439816667
49 49 2.71464284246722
49 52 0.335736068434152
49 70 0.198849131574333
49 94 0.132594761427333
49 682 0.265103501721333
49 721 0.6401444227278
49 1099 0.752979349879071
49 1138 0.778578376594119
49 1186 0.396898778822535
49 1195 0.293034250487578
50 29 0.162351182215917
50 47 0.115694439816667
50 50 2.71464284246722
50 53 0.335736068434152
50 71 0.198849131574333
50 95 0.132594761427333
50 683 0.265103501721333
50 722 0.6401444227278
50 1100 0.752979349879071
50 1139 0.778578376594119
50 1187 0.396898778822535
50 1196 0.293034250487578
51 27 0.104500583993167
51 33 0.209371961191257
51 48 0.335736068434152
51 51 1.43261134548116
51 72 0.103234433313667
51 75 0.10326541603675
51 93 0.185877807172003
51 1098 0.2783692395487
51 1137 0.178553216505128
51 1185 0.256356971661548
51 1194 0.393651320365363
52 28 0.104500583993167
52 34 0.209371961191257
52 49 0.335736068434152
52 52 1.43261134548116
52 73 0.103234433313667
52 76 0.10326541603675
52 94 0.185877807172003
52 1099 0.2783692395487
52 1138 0.178553216505128
52 1186 0.256356971661548
52 1195 0.393651320365363
53 29 0.104500583993167
53 35 0.209371961191257
53 50 0.335736068434152
53 53 1.43261134548116
53 74 0.103234433313667
53 77 0.10326541603675
53 95 0.185877807172003
53 1100 0.2783692395487
53 1139 0.178553216505128
53 1187 0.256356971661548
53 1196 0.393651320365363
54 12 0.104500583993167
54 33 0.27739635372711
54 36 0.233946576000875
54 54 1.92609843310173
54 57 0.124424637173667
54 60 0.124424637173667
54 75 0.151726590609994
54 1098 0.462913439356577
54 1143 0.63340257082717
54 1185 0.453171058135961
54 1194 0.323241202654402
55 13 0.104500583993167
55 34 0.27739635372711
55 37 0.233946576000875
55 55 1.92609843310173
55 58 0.124424637173667
55 61 0.124424637173667
55 76 0.151726590609994
55 1099 0.462913439356577
55 1144 0.63340257082717
55 1186 0.453171058135961
55 1195 0.323241202654402
56 14 0.104500583993167
56 35 0.27739635372711
56 38 0.233946576000875
56 56 1.92609843310173
56 59 0.124424637173667
56 62 0.124424637173667
56 77 0.151726590609994
56 1100 0.462913439356577
56 1145 0.63340257082717
56 1187 0.453171058135961
56 1196 0.323241202654402
57 39 0.0994323536053333
57 54 0.124424637173667
57 57 2.28544669579613
57 60 0.181101496434453
57 63 0.215239634127295
57 72 0.103172505039333
57 75 0.216502713647745
57 78 0.21563871730541
57 81 0.142234961859667
57 1119 0.643816708493535
57 1143 0.610542567143028
57 1194 0.474689336256843
57 1215 0.401374412607889
58 40 0.0994323536053333
58 55 0.124424637173667
58 58 2.28544669579613
58 61 0.181101496434453
58 64 0.215239634127295
58 73 0.103172505039333
58 76 0.216502713647745
58 79 0.21563871730541
58 82 0.142234961859667
58 1120 0.643816708493535
58 1144 0.610542567143028
58 1195 0.474689336256843
58 1216 0.401374412607889
59 41 0.0994323536053333
59 56 0.124424637173667
59 59 2.28544669579613
59 62 0.181101496434453
59 65 0.215239634127295
59 74 0.103172505039333
59 77 0.216502713647745
59 80 0.21563871730541
59 83 0.142234961859667
59 1121 0.643816708493535
59 1145 0.610542567143028
59 1196 0.474689336256843
59 1217 0.401374412607889
60 21 0.0994323536053334
60 36 0.124424637173667
60 39 0.0994323536053334
60 42 0.181101496434453
60 54 0.124424637173667
60 57 0.181101496434453
60 60 0.948262976516813
60 1143 0.324982957850407
60 1215 0.287494532497907
61 22 0.0994323536053334
61 37 0.124424637173667
61 40 0.0994323536053334
61 43 0.181101496434453
61 55 0.124424637173667
61 58 0.181101496434453
61 61 0.948262976516813
61 1144 0.324982957850407
61 1216 0.287494532497907
62 23 0.0994323536053334
62 38 0.124424637173667
62 41 0.0994323536053334
62 44 0.181101496434453
62 56 0.124424637173667
62 59 0.181101496434453
62 62 0.948262976516813
62 1145 0.324982957850407
62 1217 0.287494532497907
63 39 0.149148530408
63 57 0.215239634127295
63 63 1.53901427182277
63 66 0.115763884258333
63 81 0.2133524427895
63 84 0.0771604845666667
63 912 0.37345229764109
63 918 0.323050166002667
63 1119 0.504617878653385
63 1215 0.336736089287218
64 40 0.149148530408
64 58 0.215239634127295
64 64 1.53901427182277
64 67 0.115763884258333
64 82 0.2133524427895
64 85 0.0771604845666667
64 913 0.37345229764109
64 919 0.323050166002667
64 1120 0.504617878653385
64 1216 0.336736089287218
65 41 0.149148530408
65 59 0.215239634127295
65 65 1.53901427182277
65 68 0.115763884258333
65 83 0.2133524427895
65 86 0.0771604845666667
65 914 0.37345229764109
65 920 0.323050166002667
65 1121 0.504617878653385
65 1217 0.336736089287218
66 39 0.115810199075
66 63 0.115763884258333
66 66 0.385941367283333
66 84 0.0385802422833333
66 885 0.0386033996916667
66 906 0.0772067993833333
66 912 0.115787041666667
66 918 0.0771604845666667
67 40 0.115810199075
67 64 0.115763884258333
67 67 0.385941367283333
67 85 0.0385802422833333
67 886 0.0386033996916667
67 907 0.0772067993833333
67 913 0.115787041666667
67 919 0.0771604845666667
68 41 0.115810199075
68 65 0.115763884258333
68 68 0.385941367283333
68 86 0.0385802422833333
68 887 0.0386033996916667
68 908 0.0772067993833333
68 914 0.115787041666667
68 920 0.0771604845666667
69 45 0.0771141975333334
69 48 0.198849131574333
69 69 1.34784690043333
69 90 0.132674350119667
69 93 0.1326345557735
69 111 0.198968488796167
69 681 0.342320405647
69 684 0.07713734105
69 687 0.265262627472667
69 690 0.11574072685
69 1137 0.481068525833333
70 46 0.0771141975333334
70 49 0.198849131574333
70 70 1.34784690043333
70 91 0.132674350119667
70 94 0.1326345557735
70 112 0.198968488796167
70 682 0.342320405647
70 685 0.07713734105
70 688 0.265262627472667
70 691 0.11574072685
70 1138 0.481068525833333
71 47 0.0771141975333334
71 50 0.198849131574333
71 71 1.34784690043333
71 92 0.132674350119667
71 95 0.1326345557735
71 113 0.198968488796167
71 683 0.342320405647
71 686 0.07713734105
71 689 0.265262627472667
71 692 0.11574072685
71 1139 0.481068525833333
72 51 0.103234433313667
72 57 0.103172505039333
72 72 1.09873178032746
72 75 0.1032034691765
72 78 0.194218445280335
72 87 0.148678559670147
72 90 0.103296398759833
72 93 0.10326541603675
72 96 0.119318251656333
72 1152 0.239662553050899
72 1194 0.430047638507399
73 52 0.103234433313667
73 58 0.103172505039333
73 73 1.09873178032746
73 76 0.1032034691765
73 79 0.194218445280335
73 88 0.148678559670147
73 91 0.103296398759833
73 94 0.10326541603675
73 97 0.119318251656333
73 1153 0.239662553050899
73 1195 0.430047638507399
74 53 0.103234433313667
74 59 0.103172505039333
74 74 1.09873178032746
74 77 0.1032034691765
74 80 0.194218445280335
74 89 0.148678559670147
74 92 0.103296398759833
74 95 0.10326541603675
74 98 0.119318251656333
74 1154 0.239662553050899
74 1196 0.430047638507399
75 33 0.103296398759833
75 51 0.10326541603675
75 54 0.151726590609994
75 57 0.216502713647745
75 72 0.1032034691765
75 75 0.818564803415311
75 1143 0.202782533771322
75 1194 0.347070083120822
76 34 0.103296398759833
76 52 0.10326541603675
76 55 0.151726590609994
76 58 0.216502713647745
76 73 0.1032034691765
76 76 0.818564803415311
76 1144 0.202782533771322
76 1195 0.347070083120822
77 35 0.103296398759833
77 53 0.10326541603675
77 56 0.151726590609994
77 59 0.216502713647745
77 74 0.1032034691765
77 77 0.818564803415311
77 1145 0.202782533771322
77 1196 0.347070083120822
78 57 0.21563871730541
78 72 0.194218445280335
78 78 1.44337204242494
78 81 0.233930976760818
78 96 0.11935406145575
78 99 0.119389871255167
78 1119 0.408077704676967
78 1152 0.506047303907058
78 1194 0.368400982995901
79 58 0.21563871730541
79 73 0.194218445280335
79 79 1.44337204242494
79 82 0.233930976760818
79 97 0.11935406145575
79 100 0.119389871255167
79 1120 0.408077704676967
79 1153 0.506047303907058
79 1195 0.368400982995901
80 59 0.21563871730541
80 74 0.194218445280335
80 80 1.44337204242494
80 83 0.233930976760818
80 98 0.11935406145575
80 101 0.119389871255167
80 1121 0.408077704676967
80 1154 0.506047303907058
80 1196 0.368400982995901
81 57 0.142234961859667
81 63 0.2133524427895
81 78 0.233930976760818
81 81 1.97670290156051
81 84 0.115787041666667
81 99 0.326450148180769
81 102 0.0772067993833333
81 888 0.309512332616283
81 918 0.37794438084475
81 1119 0.580563940253053
81 1152 0.21918776588742
81 1218 0.3688835620985
82 58 0.142234961859667
82 64 0.2133524427895
82 79 0.233930976760818
82 82 1.97670290156051
82 85 0.115787041666667
82 100 0.326450148180769
82 103 0.0772067993833333
82 889 0.309512332616283
82 919 0.37794438084475
82 1120 0.580563940253053
82 1153 0.21918776588742
82 1219 0.3688835620985
83 59 0.142234961859667
83 65 0.2133524427895
83 80 0.233930976760818
83 83 1.97670290156051
83 86 0.115787041666667
83 101 0.326450148180769
83 104 0.0772067993833333
83 890 0.309512332616283
83 920 0.37794438084475
83 1121 0.580563940253053
83 1154 0.21918776588742
83 1220 0.3688835620985
84 63 0.0771604845666667
84 66 0.0385802422833333
84 81 0.115787041666667
84 84 0.3087345679
84 102 0.0386033996916667
84 888 0.0772067993833333
84 918 0.115763884258333
85 64 0.0771604845666667
85 67 0.0385802422833333
85 82 0.115787041666667
85 85 0.3087345679
85 103 0.0386033996916667
85 889 0.0772067993833333
85 919 0.115763884258333
86 65 0.0771604845666667
86 68 0.0385802422833333
86 83 0.115787041666667
86 86 0.3087345679
86 104 0.0386033996916667
86 890 0.0772067993833333
86 920 0.115763884258333
87 72 0.148678559670147
87 87 1.2800911800014
87 90 0.216801102791915
87 96 0.1192824633385
87 114 0.119318251656333
87 126 0.1192824633385
87 129 0.119246675020667
87 1137 0.252802103653552
87 1152 0.514735624894074
87 1194 0.309989525638409
88 73 0.148678559670147
88 88 1.2800911800014
88 91 0.216801102791915
88 97 0.1192824633385
88 115 0.119318251656333
88 127 0.1192824633385
88 130 0.119246675020667
88 1138 0.252802103653552
88 1153 0.514735624894074
88 1195 0.309989525638409
89 74 0.148678559670147
89 89 1.2800911800014
89 92 0.216801102791915
89 98 0.1192824633385
89 116 0.119318251656333
89 128 0.1192824633385
89 131 0.119246675020667
89 1139 0.252802103653552
89 1154 0.514735624894074
89 1196 0.309989525638409
90 69 0.132674350119667
90 72 0.103296398759833
90 87 0.216801102791915
90 90 1.43583229253704
90 93 0.185989378484832
90 105 0.132594761427333
90 111 0.1326345557735
90 114 0.24215023504644
90 1137 0.55496062168052
90 1152 0.207684866189897
90 1194 0.244962168531623
91 70 0.132674350119667
91 73 0.103296398759833
91 88 0.216801102791915
91 91 1.43583229253704
91 94 0.185989378484832
91 106 0.132594761427333
91 112 0.1326345557735
91 115 0.24215023504644
91 1138 0.55496062168052
91 1153 0.207684866189897
91 1195 0.244962168531623
92 71 0.132674350119667
92 74 0.103296398759833
92 89 0.216801102791915
92 92 1.43583229253704
92 95 0.185989378484832
92 107 0.132594761427333
92 113 0.1326345557735
92 116 0.24215023504644
92 1139 0.55496062168052
92 1154 0.207684866189897
92 1196 0.244962168531623
93 48 0.132594761427333
93 51 0.185877807172003
93 69 0.1326345557735
93 72 0.10326541603675
93 90 0.185989378484832
93 93 0.876329132741003
93 1137 0.334899150333752
93 1194 0.239232629883335
94 49 0.132594761427333
94 52 0.185877807172003
94 70 0.1326345557735
94 73 0.10326541603675
94 91 0.185989378484832
94 94 0.876329132741003
94 1138 0.334899150333752
94 1195 0.239232629883335
95 50 0.132594761427333
95 53 0.185877807172003
95 71 0.1326345557735
95 74 0.10326541603675
95 92 0.185989378484832
95 95 0.876329132741003
95 1139 0.334899150333752
95 1196 0.239232629883335
96 72 0.119318251656333
96 78 0.11935406145575
96 87 0.1192824633385
96 96 0.715909552901167
96 99 0.11935406145575
96 129 0.1192824633385
96 138 0.119318251656333
96 1152 0.357954776450583
97 73 0.119318251656333
97 79 0.11935406145575
97 88 0.1192824633385
97 97 0.715909552901167
97 100 0.11935406145575
97 130 0.1192824633385
97 139 0.119318251656333
97 1153 0.357954776450583
98 74 0.119318251656333
98 80 0.11935406145575
98 89 0.1192824633385
98 98 0.715909552901167
98 101 0.11935406145575
98 131 0.1192824633385
98 140 0.119318251656333
98 1154 0.357954776450583
99 78 0.119389871255167
99 81 0.326450148180769
99 96 0.11935406145575
99 99 2.4987780954732
99 102 0.115763884258333
99 138 0.262715010555667
99 144 0.0771604845666667
99 888 0.517005318830883
99 924 0.33222518175
99 1113 0.445754626158667
99 1119 0.311698604811552
99 1152 0.706782923489852
99 1218 0.413867027896499
100 79 0.119389871255167
100 82 0.326450148180769
100 97 0.11935406145575
100 100 2.4987780954732
100 103 0.115763884258333
100 139 0.262715010555667
100 145 0.0771604845666667
100 889 0.517005318830883
100 925 0.33222518175
100 1114 0.445754626158667
100 1120 0.311698604811552
100 1153 0.706782923489852
100 1219 0.413867027896499
101 80 0.119389871255167
101 83 0.326450148180769
101 98 0.11935406145575
101 101 2.4987780954732
101 104 0.115763884258333
101 140 0.262715010555667
101 146 0.0771604845666667
101 890 0.517005318830883
101 926 0.33222518175
101 1115 0.445754626158667
101 1121 0.311698604811552
101 1154 0.706782923489852
101 1220 0.413867027896499
102 81 0.0772067993833333
102 84 0.0386033996916667
102 99 0.115763884258333
102 102 0.3087345679
102 144 0.0385802422833333
102 888 0.115787041666667
102 924 0.0771604845666667
103 82 0.0772067993833333
103 85 0.0386033996916667
103 100 0.115763884258333
103 103 0.3087345679
103 145 0.0385802422833333
103 889 0.115787041666667
103 925 0.0771604845666667
104 83 0.0772067993833333
104 86 0.0386033996916667
104 101 0.115763884258333
104 104 0.3087345679
104 146 0.0385802422833333
104 890 0.115787041666667
104 926 0.0771604845666667
105 90 0.132594761427333
105 105 2.72832271273392
105 108 0.154228395066667
105 111 0.198849131574333
105 114 0.305933590108125
105 117 0.247707359212833
105 120 0.165170186876333
105 687 0.303660600488
105 690 0.0771141975333333
105 693 0.534557077938333
105 696 0.368801630316
105 699 0.0771141975333333
105 1101 0.812234698151625
105 1137 0.714518242874625
106 91 0.132594761427333
106 106 2.72832271273392
106 109 0.154228395066667
106 112 0.198849131574333
106 115 0.305933590108125
106 118 0.247707359212833
106 121 0.165170186876333
106 688 0.303660600488
106 691 0.0771141975333333
106 694 0.534557077938333
106 697 0.368801630316
106 700 0.0771141975333333
106 1102 0.812234698151625
106 1138 0.714518242874625
107 92 0.132594761427333
107 107 2.72832271273392
107 110 0.154228395066667
107 113 0.198849131574333
107 116 0.305933590108125
107 119 0.247707359212833
107 122 0.165170186876333
107 689 0.303660600488
107 692 0.0771141975333333
107 695 0.534557077938333
107 698 0.368801630316
107 701 0.0771141975333333
107 1103 0.812234698151625
107 1139 0.714518242874625
108 105 0.154228395066667
108 108 0.308456790133333
108 687 0.0771141975333333
108 690 0.0385570987666667
108 693 0.0771141975333333
108 696 0.0771141975333333
108 699 0.0385570987666667
109 106 0.154228395066667
109 109 0.308456790133333
109 688 0.0771141975333333
109 691 0.0385570987666667
109 694 0.0771141975333333
109 697 0.0771141975333333
109 700 0.0385570987666667
110 107 0.154228395066667
110 110 0.308456790133333
110 689 0.0771141975333333
110 692 0.0385570987666667
110 695 0.0771141975333333
110 698 0.0771141975333333
110 701 0.0385570987666667
111 69 0.198968488796167
111 90 0.1326345557735
111 105 0.198849131574333
111 111 0.795635240741
111 687 0.265183064597
111 690 0.07713734105
111 1137 0.3206802793205
112 70 0.198968488796167
112 91 0.1326345557735
112 106 0.198849131574333
112 112 0.795635240741
112 688 0.265183064597
112 691 0.07713734105
112 1138 0.3206802793205
113 71 0.198968488796167
113 92 0.1326345557735
113 107 0.198849131574333
113 113 0.795635240741
113 689 0.265183064597
113 692 0.07713734105
113 1139 0.3206802793205
114 87 0.119318251656333
114 90 0.24215023504644
114 105 0.305933590108125
114 114 2.15885862383253
114 120 0.165170186876333
114 123 0.165170186876333
114 126 0.252186775612724
114 1101 0.777619951041659
114 1137 0.602413223599041
114 1152 0.608325534931807
115 88 0.119318251656333
115 91 0.24215023504644
115 106 0.305933590108125
115 115 2.15885862383253
115 121 0.165170186876333
115 124 0.165170186876333
115 127 0.252186775612724
115 1102 0.777619951041659
115 1138 0.602413223599041
115 1153 0.608325534931807
116 89 0.119318251656333
116 92 0.24215023504644
116 107 0.305933590108125
116 116 2.15885862383253
116 122 0.165170186876333
116 125 0.165170186876333
116 128 0.252186775612724
116 1103 0.777619951041659
116 1139 0.602413223599041
116 1154 0.608325534931807
117 105 0.247707359212833
117 117 2.20299307214629
117 120 0.307451702533787
117 147 0.252631816398917
117 150 0.19299384105
117 696 0.54141301714044
117 699 0.07713734105
117 702 0.312269791747833
117 705 0.11574072685
117 1101 0.51909556222531
117 1146 0.73804845001031
118 106 0.247707359212833
118 118 2.20299307214629
118 121 0.307451702533787
118 148 0.252631816398917
118 151 0.19299384105
118 697 0.54141301714044
118 700 0.07713734105
118 703 0.312269791747833
118 706 0.11574072685
118 1102 0.51909556222531
118 1147 0.73804845001031
119 107 0.247707359212833
119 119 2.20299307214629
119 122 0.307451702533787
119 149 0.252631816398917
119 152 0.19299384105
119 698 0.54141301714044
119 701 0.07713734105
119 704 0.312269791747833
119 707 0.11574072685
119 1103 0.51909556222531
119 1148 0.73804845001031
120 105 0.165170186876333
120 114 0.165170186876333
120 117 0.307451702533787
120 120 1.88761688273551
120 123 0.207081905391125
120 150 0.278194442975543
120 153 0.110928154250167
120 1101 0.610149921267132
120 1146 0.516092271975216
120 1179 0.471186551957638
121 106 0.165170186876333
121 115 0.165170186876333
121 118 0.307451702533787
121 121 1.88761688273551
121 124 0.207081905391125
121 151 0.278194442975543
121 154 0.110928154250167
121 1102 0.610149921267132
121 1147 0.516092271975216
121 1180 0.471186551957638
122 107 0.165170186876333
122 116 0.165170186876333
122 119 0.307451702533787
122 122 1.88761688273551
122 125 0.207081905391125
122 152 0.278194442975543
122 155 0.110928154250167
122 1103 0.610149921267132
122 1148 0.516092271975216
122 1181 0.471186551957638
123 114 0.165170186876333
123 120 0.207081905391125
123 123 1.44098281554856
123 126 0.264776300599988
123 129 0.146734393866667
123 135 0.19320239645
123 153 0.11089488245825
123 156 0.110861610666333
123 1101 0.285750202903363
123 1113 0.2684155170795
123 1179 0.40858682703128
124 115 0.165170186876333
124 121 0.207081905391125
124 124 1.44098281554856
124 127 0.264776300599988
124 130 0.146734393866667
124 136 0.19320239645
124 154 0.11089488245825
124 157 0.110861610666333
124 1102 0.285750202903363
124 1114 0.2684155170795
124 1180 0.40858682703128
125 116 0.165170186876333
125 122 0.207081905391125
125 125 1.44098281554856
125 128 0.264776300599988
125 131 0.146734393866667
125 137 0.19320239645
125 155 0.11089488245825
125 158 0.110861610666333
125 1103 0.285750202903363
125 1115 0.2684155170795
125 1181 0.40858682703128
126 87 0.1192824633385
126 114 0.252186775612724
126 123 0.264776300599988
126 126 1.9612943417688
126 129 0.233973228396833
126 1101 0.629738087630067
126 1113 0.617289776562187
126 1152 0.539831853989489
126 1179 0.284863026523411
127 88 0.1192824633385
127 115 0.252186775612724
127 124 0.264776300599988
127 127 1.9612943417688
127 130 0.233973228396833
127 1102 0.629738087630067
127 1114 0.617289776562187
127 1153 0.539831853989489
127 1180 0.284863026523411
128 89 0.1192824633385
128 116 0.252186775612724
128 125 0.264776300599988
128 128 1.9612943417688
128 131 0.233973228396833
128 1103 0.629738087630067
128 1115 0.617289776562187
128 1154 0.539831853989489
128 1181 0.284863026523411
129 87 0.119246675020667
129 96 0.1192824633385
129 123 0.146734393866667
129 126 0.233973228396833
129 129 1.34897733243417
129 132 0.146822469733333
129 135 0.1467784318
129 138 0.234113668509917
129 1113 0.49558286536825
129 1152 0.380931802617083
130 88 0.119246675020667
130 97 0.1192824633385
130 124 0.146734393866667
130 127 0.233973228396833
130 130 1.34897733243417
130 133 0.146822469733333
130 136 0.1467784318
130 139 0.234113668509917
130 1114 0.49558286536825
130 1153 0.380931802617083
131 89 0.119246675020667
131 98 0.1192824633385
131 125 0.146734393866667
131 128 0.233973228396833
131 131 1.34897733243417
131 134 0.146822469733333
131 137 0.1467784318
131 140 0.234113668509917
131 1115 0.49558286536825
131 1154 0.380931802617083
132 129 0.146822469733333
132 132 2.53691286500567
132 135 0.283076576216667
132 138 0.2202337046
132 141 0.15436728395
132 144 0.0771604845666667
132 156 0.132669718638
132 174 0.199004577957
132 177 0.0772067993833333
132 924 0.33222518175
132 930 0.488957931754167
132 939 0.303942836967667
132 1113 0.716103150047167
132 1131 0.6735985819445
133 130 0.146822469733333
133 133 2.53691286500567
133 136 0.283076576216667
133 139 0.2202337046
133 142 0.15436728395
133 145 0.0771604845666667
133 157 0.132669718638
133 175 0.199004577957
133 178 0.0772067993833333
133 925 0.33222518175
133 931 0.488957931754167
133 940 0.303942836967667
133 1114 0.716103150047167
133 1132 0.6735985819445
134 131 0.146822469733333
134 134 2.53691286500567
134 137 0.283076576216667
134 140 0.2202337046
134 143 0.15436728395
134 146 0.0771604845666667
134 158 0.132669718638
134 176 0.199004577957
134 179 0.0772067993833333
134 926 0.33222518175
134 932 0.488957931754167
134 941 0.303942836967667
134 1115 0.716103150047167
134 1133 0.6735985819445
135 123 0.19320239645
135 129 0.1467784318
135 132 0.283076576216667
135 135 1.42886419668517
135 156 0.200511662858153
135 1113 0.51392043548443
135 1131 0.447818467025917
135 1179 0.357988325192583
136 124 0.19320239645
136 130 0.1467784318
136 133 0.283076576216667
136 136 1.42886419668517
136 157 0.200511662858153
136 1114 0.51392043548443
136 1132 0.447818467025917
136 1180 0.357988325192583
137 125 0.19320239645
137 131 0.1467784318
137 134 0.283076576216667
137 137 1.42886419668517
137 158 0.200511662858153
137 1115 0.51392043548443
137 1133 0.447818467025917
137 1181 0.357988325192583
138 96 0.119318251656333
138 99 0.262715010555667
138 129 0.234113668509917
138 132 0.2202337046
138 138 1.28730229759783
138 144 0.0771604845666667
138 924 0.293644939466667
138 1113 0.447172412575917
138 1152 0.276594974465583
139 97 0.119318251656333
139 100 0.262715010555667
139 130 0.234113668509917
139 133 0.2202337046
139 139 1.28730229759783
139 145 0.0771604845666667
139 925 0.293644939466667
139 1114 0.447172412575917
139 1153 0.276594974465583
140 98 0.119318251656333
140 101 0.262715010555667
140 131 0.234113668509917
140 134 0.2202337046
140 140 1.28730229759783
140 146 0.0771604845666667
140 926 0.293644939466667
140 1115 0.447172412575917
140 1154 0.276594974465583
141 132 0.15436728395
141 141 0.3087345679
141 144 0.0385802422833333
141 177 0.0386033996916667
141 924 0.0771604845666667
141 930 0.077183641975
141 939 0.0772067993833333
142 133 0.15436728395
142 142 0.3087345679
142 145 0.0385802422833333
142 178 0.0386033996916667
142 925 0.0771604845666667
142 931 0.077183641975
142 940 0.0772067993833333
143 134 0.15436728395
143 143 0.3087345679
143 146 0.0385802422833333
143 179 0.0386033996916667
143 926 0.0771604845666667
143 932 0.077183641975
143 941 0.0772067993833333
144 99 0.0771604845666667
144 102 0.0385802422833333
144 132 0.0771604845666667
144 138 0.0771604845666667
144 141 0.0385802422833333
144 144 0.308641938266667
144 924 0.154320969133333
145 100 0.0771604845666667
145 103 0.0385802422833333
145 133 0.0771604845666667
145 139 0.0771604845666667
145 142 0.0385802422833333
145 145 0.308641938266667
145 925 0.154320969133333
146 101 0.0771604845666667
146 104 0.0385802422833333
146 134 0.0771604845666667
146 140 0.0771604845666667
146 143 0.0385802422833333
146 146 0.308641938266667
146 926 0.154320969133333
147 117 0.252631816398917
147 147 2.04845366728109
147 150 0.31110839450372
147 159 0.203521251111
147 162 0.11574072685
147 168 0.135709823204
147 702 0.509597188025823
147 705 0.0771604845666667
147 729 0.271332679018
147 1128 0.655854290391627
147 1146 0.540023846851877
148 118 0.252631816398917
148 148 2.04845366728109
148 151 0.31110839450372
148 160 0.203521251111
148 163 0.11574072685
148 169 0.135709823204
148 703 0.509597188025823
148 706 0.0771604845666667
148 730 0.271332679018
148 1129 0.655854290391627
148 1147 0.540023846851877
149 119 0.252631816398917
149 149 2.04845366728109
149 152 0.31110839450372
149 161 0.203521251111
149 164 0.11574072685
149 170 0.135709823204
149 704 0.509597188025823
149 707 0.0771604845666667
149 731 0.271332679018
149 1130 0.655854290391627
149 1148 0.540023846851877
150 117 0.19299384105
150 120 0.278194442975543
150 147 0.31110839450372
150 150 1.96058957731019
150 153 0.110928154250167
150 165 0.110928154250167
150 168 0.207823239397723
150 1128 0.494675270904384
150 1146 0.661543395007203
150 1179 0.572689473626373
151 118 0.19299384105
151 121 0.278194442975543
151 148 0.31110839450372
151 151 1.96058957731019
151 154 0.110928154250167
151 166 0.110928154250167
151 169 0.207823239397723
151 1129 0.494675270904384
151 1147 0.661543395007203
151 1180 0.572689473626373
152 119 0.19299384105
152 122 0.278194442975543
152 149 0.31110839450372
152 152 1.96058957731019
152 155 0.110928154250167
152 167 0.110928154250167
152 170 0.207823239397723
152 1130 0.494675270904384
152 1148 0.661543395007203
152 1181 0.572689473626373
153 120 0.110928154250167
153 123 0.11089488245825
153 150 0.110928154250167
153 153 0.966315684914307
153 156 0.18258880754275
153 165 0.189640880664237
153 189 0.132590132724
153 1131 0.261334805748737
153 1179 0.350567709733153
154 121 0.110928154250167
154 124 0.11089488245825
154 151 0.110928154250167
154 154 0.966315684914307
154 157 0.18258880754275
154 166 0.189640880664237
154 190 0.132590132724
154 1132 0.261334805748737
154 1180 0.350567709733153
155 122 0.110928154250167
155 125 0.11089488245825
155 152 0.110928154250167
155 155 0.966315684914307
155 158 0.18258880754275
155 167 0.189640880664237
155 191 0.132590132724
155 1133 0.261334805748737
155 1181 0.350567709733153
156 123 0.110861610666333
156 132 0.132669718638
156 135 0.200511662858153
156 153 0.18258880754275
156 156 1.16421009671581
156 171 0.132669718638
156 174 0.132669718638
156 189 0.132629925681
156 1131 0.47124343769157
156 1179 0.250470544719903
157 124 0.110861610666333
157 133 0.132669718638
157 136 0.200511662858153
157 154 0.18258880754275
157 157 1.16421009671581
157 172 0.132669718638
157 175 0.132669718638
157 190 0.132629925681
157 1132 0.47124343769157
157 1180 0.250470544719903
158 125 0.110861610666333
158 134 0.132669718638
158 137 0.200511662858153
158 155 0.18258880754275
158 158 1.16421009671581
158 173 0.132669718638
158 176 0.132669718638
158 191 0.132629925681
158 1133 0.47124343769157
158 1181 0.250470544719903
159 147 0.203521251111
159 159 1.29775335086733
159 162 0.115694439816667
159 168 0.135669118398
159 180 0.135628413592
159 195 0.0771141975333333
159 201 0.203399162778
159 729 0.271251295491
159 732 0.309727010730667
159 1128 0.494625136850333
160 148 0.203521251111
160 160 1.29775335086733
160 163 0.115694439816667
160 169 0.135669118398
160 181 0.135628413592
160 196 0.0771141975333333
160 202 0.203399162778
160 730 0.271251295491
160 733 0.309727010730667
160 1129 0.494625136850333
161 149 0.203521251111
161 161 1.29775335086733
161 164 0.115694439816667
161 170 0.135669118398
161 182 0.135628413592
161 197 0.0771141975333333
161 203 0.203399162778
161 731 0.271251295491
161 734 0.309727010730667
161 1130 0.494625136850333
162 147 0.11574072685
162 159 0.115694439816667
162 162 0.385709848766667
162 195 0.0385570987666667
162 702 0.0771604845666667
162 705 0.0385802422833333
162 729 0.115717583333333
162 732 0.0771141975333333
163 148 0.11574072685
163 160 0.115694439816667
163 163 0.385709848766667
163 196 0.0385570987666667
163 703 0.0771604845666667
163 706 0.0385802422833333
